1 25 55 45 79 16 59 59 83 88 78
1 6 18 41 7 74 95 56 71 87 55
0 70 57 1 87 40 10 43 100 15 90
0 23 52 93 26 9 94 32 1 80 37
1 83 49 79 27 88 53 64 69 62 43
0 11 46 58 34 42 86 56 22 47 89
1 91 83 53 31 13 8 8 7 75 72
1 12 33 88 34 5 45 3 20 7 26
0 89 3 48 93 78 88 10 87 75 51
0 67 32 72 15 64 47 65 89 34 36
0 97 85 77 24 43 17 38 88 58 81
0 34 6 87 95 33 8 42 11 20 64
1 31 52 14 63 21 45 78 7 51 41
0 84 43 11 73 43 3 69 14 10 75
1 49 65 57 62 50 95 30 81 8 53
1 61 15 28 36 56 72 60 53 50 94
1 43 6 97 78 10 62 53 40 38 31
0 20 28 87 60 6 0 20 48 18 67
1 59 60 94 94 20 28 71 37 82 68
1 7 23 44 49 48 29 9 84 87 77
1 10 99 28 62 76 42 70 97 3 52
1 15 15 44 39 3 3 89 26 23 24
1 81 43 28 93 98 90 92 23 85 39
1 90 5 83 41 50 52 64 82 39 25
0 65 87 24 57 75 96 25 78 91 63
0 27 64 34 41 21 33 2 1 96 11
0 45 16 61 25 20 26 2 39 76 35
0 9 100 40 1 47 32 54 41 21 20
0 71 67 6 82 18 47 81 31 64 50
1 38 10 76 45 95 88 65 0 63 95
1 4 7 90 36 50 32 21 43 15 67
1 10 0 65 11 96 46 61 87 10 91
1 73 47 60 71 80 86 55 39 99 66
0 83 55 43 88 2 36 34 31 32 7
1 93 99 22 15 19 37 78 10 6 9
0 63 32 23 26 7 87 22 52 5 81
1 80 83 10 94 2 88 89 81 100 49
1 49 86 86 13 25 85 100 60 92 54
0 33 56 47 85 85 98 50 9 55 98
0 34 29 41 24 94 1 70 61 69 12
0 70 58 36 30 97 45 98 64 6 52
1 14 89 48 84 68 52 100 83 34 67
1 17 87 86 87 22 88 7 51 83 84
0 10 49 3 8 94 24 27 27 4 22
0 33 0 33 74 95 82 42 66 43 98
1 90 33 75 38 63 62 45 100 58 2
1 86 15 79 80 4 92 11 52 4 80
1 30 39 98 47 73 59 1 25 99 93
1 96 11 95 41 6 79 63 27 9 76
1 31 22 81 39 40 13 74 42 58 88
0 17 87 81 23 16 10 57 39 83 76
0 2 21 4 79 43 76 46 21 28 7
1 78 90 46 85 33 29 67 7 71 84
1 6 37 100 6 17 1 78 71 18 2
0 2 66 25 80 95 22 9 94 91 31
0 46 80 65 30 83 68 24 38 15 50
1 14 23 18 77 11 98 17 42 99 69
0 65 54 61 64 52 5 54 100 5 63
1 90 89 99 100 22 0 88 37 78 24
0 86 21 28 72 50 51 81 15 96 17
1 6 75 81 32 98 23 8 3 4 43
0 37 42 64 33 52 95 21 50 66 30
0 59 3 13 61 21 88 63 97 97 42
1 35 6 85 65 72 50 58 22 41 74
1 90 49 62 47 64 1 5 30 68 33
1 89 16 85 86 56 22 8 33 87 11
0 75 9 10 31 85 16 94 33 53 64
1 19 69 80 37 93 66 10 85 88 1
0 47 34 67 7 83 29 42 6 72 62
0 58 27 61 86 51 53 7 81 73 31
0 38 31 81 82 9 12 63 61 87 25
0 55 69 31 16 77 53 39 23 74 96
0 48 38 87 42 14 5 79 28 85 89
1 12 63 5 26 16 2 91 78 67 12
1 72 33 86 27 55 91 85 82 100 82
0 9 3 40 12 4 43 73 93 38 55
1 26 98 100 4 63 5 56 16 39 95
1 14 44 37 13 89 59 21 62 58 91
1 36 22 31 87 25 60 38 49 98 85
1 13 64 50 15 14 21 56 76 46 61
1 75 67 61 51 13 81 19 98 18 26
1 8 41 93 44 80 62 85 72 17 11
1 28 57 61 83 14 95 28 11 93 5
0 62 23 10 26 0 58 29 70 10 75
1 21 75 51 0 94 1 89 0 59 14
0 12 32 94 44 88 69 75 23 95 66
1 86 26 97 61 8 56 51 60 100 31
0 84 8 68 75 54 87 2 59 58 81
0 98 8 45 78 95 50 24 97 40 100
1 68 82 15 26 33 46 81 26 18 99
0 39 80 29 62 58 92 91 29 68 5
1 89 68 35 23 41 11 35 58 92 19
1 99 5 75 10 13 63 33 35 100 35
1 89 22 61 44 14 85 1 42 55 70
0 76 20 12 87 73 66 62 81 12 19
1 90 31 82 10 90 37 91 67 65 38
1 45 59 19 65 66 60 1 8 12 85
0 27 38 19 60 1 61 54 95 70 8
1 52 27 55 55 56 64 55 77 58 50
1 93 24 89 62 15 80 14 15 14 31
1 38 9 44 29 31 99 80 2 0 88
1 4 45 24 1 19 2 46 49 0 53
1 95 18 98 68 69 11 84 77 56 31
1 75 62 97 49 100 95 100 24 76 43
0 26 66 54 6 56 16 94 94 98 78
1 76 79 57 91 51 94 18 92 61 79
1 55 58 89 91 99 97 0 17 1 35
1 18 33 37 76 56 59 72 76 40 70
1 24 30 44 20 39 3 53 78 68 92
0 16 28 76 40 52 81 58 24 6 43
1 69 82 68 29 8 2 98 70 6 5
1 18 99 11 56 57 64 90 100 0 3
0 4 18 65 39 93 22 52 54 73 94
1 43 50 87 39 47 89 66 62 39 65
1 86 43 18 12 67 99 25 4 18 64
0 56 55 95 42 28 66 69 9 99 36
1 20 22 13 38 49 96 48 94 60 17
1 58 34 44 69 6 95 34 70 95 47
0 72 87 97 87 34 20 69 31 44 8
1 55 44 83 63 19 92 31 76 53 96
1 75 44 52 35 59 15 18 85 2 92
0 58 88 74 45 22 10 14 38 26 66
1 10 79 57 9 50 71 29 96 41 66
1 61 19 93 83 46 3 15 43 7 51
0 39 45 74 5 33 43 37 52 18 40
0 15 42 33 15 67 88 29 70 72 60
0 90 95 69 31 72 40 32 30 29 0
0 52 23 54 53 71 86 23 89 1 1
1 15 10 39 69 33 50 76 65 53 99
1 85 72 46 49 3 17 31 40 8 88
0 47 21 95 17 44 45 17 55 3 87
0 88 57 97 78 71 12 75 18 13 23
0 20 56 2 0 38 98 80 66 67 73
1 36 34 28 31 45 85 37 63 33 91
1 78 30 68 16 19 43 23 23 9 76
0 78 45 20 47 83 12 43 49 74 71
1 36 54 70 7 28 20 26 1 20 74
1 44 69 44 14 40 46 18 80 91 33
0 40 47 95 93 18 59 55 44 73 9
1 7 32 78 40 85 25 33 1 88 49
0 50 1 32 33 40 32 52 32 86 16
1 94 30 22 39 13 18 71 34 44 25
1 55 81 16 68 20 65 91 2 18 99
0 15 46 90 61 99 65 3 64 14 70
1 29 70 7 15 97 56 5 24 63 66
0 89 26 35 44 35 74 71 6 55 15
1 35 52 12 60 47 19 45 14 53 87
1 2 19 14 52 36 84 93 28 57 50
1 5 58 5 94 13 93 66 87 94 70
0 10 46 74 73 76 87 90 1 85 3
1 40 34 0 31 5 77 72 78 47 17
0 13 17 58 97 72 19 75 65 75 80
1 97 97 50 6 16 3 59 38 59 2
0 21 26 65 11 82 29 69 48 77 86
1 88 38 81 19 79 65 40 43 46 52
1 22 54 17 54 13 31 60 33 18 92
0 68 12 97 14 10 95 34 8 100 68
1 24 6 34 16 86 79 50 61 62 87
0 82 65 23 92 58 36 48 20 49 21
1 52 3 41 98 6 26 24 2 97 84
1 22 65 5 44 29 91 26 28 4 16
0 96 90 52 21 16 92 97 5 90 85
0 93 37 54 17 54 37 78 55 38 16
0 45 25 11 90 78 88 51 88 42 63
1 79 83 25 94 33 39 42 66 44 78
1 12 30 86 20 29 16 66 79 12 61
0 34 31 88 16 64 5 81 92 54 12
1 68 21 11 94 0 81 9 31 87 66
0 29 64 68 21 70 73 81 37 74 0
0 66 63 44 70 70 12 49 26 99 83
0 97 93 24 85 25 9 90 1 18 93
1 71 72 17 55 1 70 9 61 15 21
1 67 28 41 20 8 98 92 44 20 9
1 100 44 77 60 40 38 77 87 87 80
1 11 93 69 60 33 82 22 85 84 34
1 61 69 86 15 83 0 85 73 20 66
1 39 1 38 31 28 3 88 42 75 91
0 74 30 90 62 75 83 72 52 49 29
0 39 27 56 45 42 52 12 64 33 44
0 85 21 59 2 66 66 8 3 64 77
1 68 79 61 20 77 66 62 1 20 85
0 55 11 76 48 74 6 70 50 80 59
0 75 95 34 94 4 19 28 93 6 49
0 27 15 94 41 9 47 55 20 22 44
1 41 89 26 26 29 24 89 84 36 84
0 61 76 15 51 0 84 2 32 19 45
1 32 89 31 83 15 62 76 47 93 24
0 96 21 99 80 51 95 12 94 44 31
1 19 65 57 39 91 58 95 61 79 58
1 86 79 74 61 13 56 62 70 66 27
1 0 89 34 64 60 94 70 10 96 50
1 81 79 69 22 62 30 46 17 92 87
1 26 68 54 47 61 86 43 46 94 27
0 16 2 39 10 38 1 74 71 31 92
0 60 59 61 59 53 82 17 79 45 48
0 61 86 100 10 82 80 77 91 81 64
1 98 2 73 14 61 89 80 84 83 19
1 42 2 45 39 25 8 1 9 4 73
1 74 29 48 93 79 90 99 52 40 91
0 39 81 25 68 29 61 89 23 53 73
0 94 100 88 83 77 60 91 39 9 3
1 47 52 54 52 1 67 21 36 76 79
0 67 5 53 80 76 70 34 18 7 44
1 29 93 10 8 2 67 2 34 88 11
1 14 62 59 18 80 88 81 37 10 71
1 80 36 50 60 17 33 40 85 57 51
1 35 33 6 86 90 93 80 66 75 27
0 57 64 44 90 2 15 93 99 87 85
1 92 5 24 47 8 37 30 58 37 21
1 52 85 47 58 22 6 81 49 10 20
0 32 79 75 83 99 94 79 40 23 39
0 50 79 21 90 13 50 54 58 36 14
1 45 91 21 55 2 87 83 84 46 53
1 90 29 45 53 69 14 13 0 0 57
0 81 69 20 6 44 77 8 51 63 57
1 55 61 37 7 6 45 36 72 4 71
1 88 87 81 4 24 99 54 78 59 38
0 48 5 81 23 82 63 33 90 100 23
1 14 62 4 96 7 25 75 56 20 13
0 90 40 52 87 45 45 2 34 41 1
0 61 88 13 89 0 57 57 22 99 83
0 87 20 41 15 44 5 74 28 6 22
0 10 29 13 32 61 78 44 75 13 72
1 1 83 1 76 5 89 91 6 24 1
0 93 12 39 54 80 67 76 61 30 29
1 6 38 81 99 63 32 67 59 42 22
0 29 35 42 68 26 92 82 14 86 65
0 41 59 45 56 90 44 33 68 83 38
1 84 3 49 97 19 55 4 80 43 56
0 24 35 27 62 26 26 98 26 99 42
0 99 31 35 1 83 43 66 17 36 91
0 37 90 67 5 68 59 20 7 18 79
1 67 12 65 35 32 15 68 3 8 45
1 60 10 94 22 56 100 33 4 26 34
0 95 76 53 83 92 98 95 54 12 43
1 18 56 55 3 62 18 4 65 53 41
1 60 5 40 53 85 3 100 35 83 32
1 85 51 70 0 50 7 86 33 78 26
1 67 67 72 9 12 77 12 20 89 89
0 4 42 45 30 34 79 36 86 30 39
1 13 32 42 66 15 26 94 62 18 86
0 79 29 94 24 81 66 61 69 59 40
1 37 82 37 77 99 52 52 46 97 78
0 29 12 36 16 29 44 34 5 75 7
1 66 27 2 16 76 52 76 89 10 66
1 87 84 29 70 60 42 98 91 7 47
0 62 56 2 78 90 42 32 62 56 53
0 67 27 47 35 54 53 0 77 32 22
0 70 21 20 10 94 42 79 77 4 37
0 36 62 85 57 42 6 63 91 66 93
0 44 22 50 41 14 45 2 3 73 60
1 89 90 42 80 21 46 16 91 58 35
1 70 21 80 77 17 43 58 18 83 75
1 61 44 25 23 82 85 61 83 79 82
0 10 67 77 87 47 38 26 3 49 45
1 75 15 36 93 47 15 78 26 42 22
0 46 30 98 35 70 17 89 53 76 6
0 82 75 91 91 79 76 30 82 22 80
1 62 45 69 23 55 39 62 44 18 31
0 78 2 14 1 36 4 14 69 93 53
1 79 92 87 45 83 81 77 41 30 86
1 27 71 48 59 21 62 95 9 67 70
0 38 99 71 80 24 54 89 24 4 51
1 58 19 26 52 31 76 91 25 10 25
0 76 57 65 72 29 45 6 91 53 75
0 48 65 42 38 63 94 6 52 44 39
0 50 95 53 6 47 10 88 59 9 98
0 89 82 91 6 16 69 46 65 21 23
0 79 64 13 85 0 21 5 76 45 46
1 40 87 87 50 59 69 45 8 61 87
1 30 34 62 59 48 12 48 49 67 39
0 63 36 91 40 92 39 45 84 26 53
1 84 82 78 30 25 68 72 63 40 99
1 13 9 32 95 70 15 54 25 4 5
1 6 38 34 93 65 65 88 16 72 94
0 22 77 6 18 78 100 34 38 30 2
0 18 24 72 55 77 42 91 73 93 86
0 3 74 88 93 55 44 15 36 71 0
0 25 27 54 98 4 47 24 51 99 45
1 92 42 93 4 87 48 92 18 32 77
0 28 57 94 11 45 9 77 25 20 54
0 97 30 63 67 32 0 35 6 17 57
1 95 39 59 5 2 45 73 70 90 89
1 7 56 43 17 8 23 38 32 53 99
1 87 25 27 75 8 41 16 25 99 94
1 78 2 96 97 70 21 36 8 25 76
1 35 96 71 42 25 40 85 24 49 59
0 16 36 88 16 59 14 93 74 99 31
0 84 16 57 13 16 54 72 25 58 60
1 75 84 18 37 63 66 0 67 31 60
1 98 51 98 29 90 73 94 96 27 3
0 1 99 76 85 23 9 31 68 72 63
0 47 30 27 78 6 94 66 66 76 79
1 96 30 75 35 59 56 63 16 21 65
0 42 35 67 82 23 50 67 77 63 18
1 36 1 60 48 96 31 97 8 57 32
1 69 95 76 4 54 71 16 82 92 65
0 36 53 27 21 63 20 88 44 28 67
0 95 3 81 1 48 85 36 71 34 73
1 66 63 34 6 50 46 37 47 99 88
1 84 8 54 60 34 90 49 69 14 54
1 50 65 49 90 71 33 86 60 92 9
1 22 40 55 82 48 73 16 11 43 10
0 31 31 9 75 21 50 49 26 19 30
0 100 96 62 58 72 97 76 36 95 0
1 87 21 48 69 37 84 75 41 7 14
0 21 53 9 79 40 16 99 28 52 52
0 89 85 52 52 37 21 86 90 77 48
0 86 65 90 36 81 79 62 56 26 87
1 98 79 95 42 51 40 50 87 33 13
1 36 23 23 59 13 29 17 12 46 8
0 54 5 78 77 68 99 77 73 85 7
1 92 59 34 13 2 34 28 9 68 91
1 85 33 39 72 72 81 75 3 89 63
1 15 28 21 31 91 15 42 44 48 87
1 29 85 52 29 10 8 100 33 0 7
1 19 69 2 13 3 9 5 58 66 66
0 77 46 18 49 61 63 47 22 93 30
1 21 74 30 21 75 68 3 59 10 12
0 56 28 9 17 1 68 19 91 22 23
0 72 3 31 9 35 21 2 93 49 6
0 75 52 68 79 1 93 95 27 22 54
1 92 48 8 7 56 6 36 31 33 77
1 61 20 93 10 19 45 68 84 66 59
0 74 98 54 44 92 31 9 42 84 80
1 19 100 10 90 69 81 98 55 56 96
1 80 23 24 50 41 95 99 76 95 22
0 95 27 76 67 55 40 70 66 47 7
1 58 73 98 38 51 66 46 67 1 66
0 83 83 54 40 58 35 67 64 25 89
0 48 59 8 72 0 28 34 13 28 52
1 27 1 95 53 24 51 45 10 76 78
1 72 48 31 13 95 74 15 0 68 42
0 16 47 54 17 61 51 58 89 61 31
1 91 74 92 33 90 54 7 98 6 92
1 60 4 15 34 38 13 99 50 9 94
1 62 60 86 86 69 28 0 34 59 73
0 13 26 30 66 9 48 20 71 41 87
0 39 27 79 93 63 4 95 19 77 59
0 49 53 91 51 7 40 64 93 87 81
0 25 75 67 39 4 43 70 51 91 44
0 67 59 4 93 15 5 19 9 51 36
1 31 87 32 85 93 56 44 57 96 54
0 51 54 84 35 29 76 96 32 60 84
1 83 86 74 54 84 58 49 47 11 53
1 42 82 89 78 8 100 68 60 67 5
0 55 72 95 4 14 69 9 97 95 36
1 64 66 42 19 68 32 85 35 14 87
0 13 72 14 99 40 55 93 48 15 5
1 71 97 51 46 19 73 17 48 70 56
0 0 68 82 95 43 83 50 89 94 41
0 55 52 64 53 62 35 74 58 61 67
0 10 7 61 65 15 35 90 64 18 14
1 65 81 49 62 24 41 14 85 75 79
0 83 10 8 36 75 29 5 71 67 73
0 33 13 86 89 85 15 68 90 29 46
1 38 36 70 84 84 64 14 25 36 83
0 11 28 63 50 45 61 73 62 55 20
1 7 67 70 46 88 62 93 92 62 96
1 61 71 52 40 17 12 75 63 46 10
0 43 60 7 67 34 8 73 97 74 91
0 54 10 79 30 4 60 73 99 26 18
0 62 25 36 2 19 18 42 51 17 73
0 98 64 86 65 69 92 7 45 78 95
0 97 38 56 26 76 73 69 78 4 62
1 25 12 8 31 45 58 71 2 20 60
1 87 88 61 53 18 31 93 88 59 45
0 58 9 13 54 23 80 100 58 8 55
0 41 62 16 80 26 69 7 87 47 10
0 57 42 35 39 72 91 95 65 52 56
1 100 40 11 49 77 17 83 85 21 70
0 81 61 92 73 69 20 51 71 64 50
0 5 96 96 71 88 43 99 68 30 14
0 22 25 45 70 52 7 80 14 41 76
0 69 66 7 7 49 69 83 98 5 7
0 26 26 18 20 15 26 15 92 85 18
1 88 76 82 95 53 52 98 73 81 74
1 26 87 77 95 28 24 81 0 70 96
1 3 32 44 2 64 53 67 39 1 93
0 61 17 18 2 49 27 9 4 2 26
1 1 99 35 85 35 61 89 77 62 100
1 38 52 83 60 24 61 86 30 40 33
0 76 80 32 51 2 38 30 91 44 10
1 63 22 12 6 6 34 13 71 40 59
0 35 25 98 84 62 80 100 3 27 40
1 68 17 69 59 32 30 31 35 77 20
1 44 24 2 33 13 42 42 72 81 41
0 71 62 40 78 16 55 62 16 70 37
1 42 49 70 1 91 52 96 31 22 68
1 99 18 68 3 78 49 5 23 72 28
1 90 29 78 28 96 77 89 0 30 25
1 67 66 2 70 53 38 42 49 53 78
0 81 89 10 6 20 93 37 95 36 28
0 88 68 29 21 63 27 68 47 59 56
1 25 47 14 41 44 15 29 62 82 86
0 75 43 98 59 15 63 93 28 53 20
1 36 56 66 63 17 70 35 16 57 39
0 65 39 94 61 18 99 52 99 61 35
0 89 36 4 88 77 76 85 56 10 10
1 90 90 57 68 43 14 73 29 6 75
1 4 90 44 46 95 54 0 49 10 8
0 30 30 31 37 8 63 29 4 97 99
0 0 89 76 80 62 64 32 99 6 17
1 4 78 35 58 54 11 35 62 8 35
0 98 34 51 28 36 73 100 81 9 7
0 8 12 71 43 78 53 46 49 14 16
0 71 39 9 11 39 92 9 27 38 76
0 28 31 46 41 91 87 0 18 41 97
1 41 25 16 59 15 25 7 12 0 62
0 87 49 16 16 11 100 18 67 31 54
0 43 66 15 13 34 49 68 38 26 25
1 87 12 52 93 56 87 69 48 27 80
1 67 72 76 74 5 52 66 60 22 34
0 70 37 33 60 94 92 62 15 77 26
0 70 83 75 21 22 72 55 51 6 83
0 32 19 86 63 25 12 7 57 73 84
1 55 7 68 15 83 90 93 59 26 77
0 81 25 10 16 8 80 51 79 26 22
0 35 99 75 97 52 15 36 45 99 58
1 60 85 7 31 75 31 57 60 79 68
1 74 74 87 100 21 15 29 85 33 33
1 6 1 69 85 28 91 10 55 80 80
1 29 95 100 77 87 99 50 19 65 100
0 15 69 45 7 63 48 99 68 42 19
1 65 80 20 19 47 98 69 29 91 41
1 36 91 39 55 13 73 7 55 9 45
1 91 75 88 64 73 85 98 32 72 85
0 64 79 64 89 83 3 54 80 33 70
1 35 7 100 7 50 90 79 76 58 88
1 88 39 100 53 39 83 3 70 66 64
0 30 81 90 11 3 26 25 23 57 18
0 30 8 75 97 5 21 55 68 75 10
0 64 16 35 9 81 17 18 73 9 62
0 4 19 72 8 47 50 25 91 34 39
1 24 33 15 22 41 53 51 94 63 3
0 23 21 82 29 44 73 55 21 86 52
0 100 13 72 66 17 28 45 70 72 20
0 36 47 62 24 8 34 20 35 83 33
1 37 56 37 7 23 88 26 95 53 2
0 57 16 24 24 78 57 82 27 39 67
1 6 49 2 47 19 86 93 92 36 1
0 28 83 71 8 13 36 11 51 23 91
0 60 29 40 51 24 67 34 91 15 15
0 65 59 59 78 1 52 18 57 6 30
1 3 37 48 52 56 10 54 82 19 36
0 68 71 11 47 10 92 96 80 64 63
1 23 87 16 47 5 7 1 1 39 13
0 34 24 98 68 67 6 4 19 37 6
1 93 1 7 7 26 37 22 96 53 98
0 57 29 41 75 23 17 50 88 33 57
1 38 49 41 53 8 53 74 52 29 62
0 84 63 81 91 11 8 25 1 60 9
1 36 49 48 73 70 43 0 80 59 17
0 34 97 17 66 79 21 38 71 76 35
0 4 47 1 60 67 90 4 65 35 24
0 68 69 13 98 40 45 36 50 67 39
0 1 17 82 37 55 36 12 58 9 99
0 3 70 36 9 35 77 63 64 33 33
1 66 38 23 57 83 72 62 72 26 77
1 33 34 20 57 11 13 24 2 52 48
1 88 39 90 91 100 63 99 88 89 82
1 93 58 45 90 65 34 12 92 58 41
0 70 86 74 96 55 37 13 4 71 76
1 22 63 1 98 0 96 53 45 74 68
0 26 94 31 43 63 68 89 6 41 17
1 21 13 11 95 42 97 57 1 31 95
1 42 60 1 83 65 8 45 94 93 82
1 88 75 77 14 44 25 70 31 78 85
1 30 79 24 9 45 82 83 83 99 23
1 30 81 11 6 27 20 8 87 66 7
0 27 31 40 50 76 78 0 46 97 14
1 51 21 95 34 84 65 74 65 26 46
0 28 89 37 1 55 46 17 41 65 97
1 12 54 81 2 47 44 63 53 63 55
1 32 37 76 33 82 77 96 66 20 42
1 77 8 47 25 29 36 79 60 33 69
1 23 22 64 91 88 19 31 21 41 68
0 51 65 21 27 25 93 43 20 60 64
0 61 39 84 58 98 3 40 32 21 46
0 100 45 66 69 58 82 17 6 45 71
1 27 1 11 93 77 22 52 40 84 55
0 77 49 36 30 37 40 93 93 88 27
1 31 49 0 44 31 86 97 79 3 8
1 43 63 43 94 93 61 39 34 89 41
1 15 90 78 42 52 45 71 31 63 58
1 68 19 8 90 62 55 12 52 9 27
0 50 85 44 83 67 45 86 98 96 74
0 82 4 21 40 38 6 53 16 22 7
0 70 62 54 92 37 20 63 3 8 54
1 3 23 85 2 100 71 3 42 11 7
0 100 19 5 2 85 63 54 27 90 56
1 73 57 72 29 16 46 37 89 80 97
1 48 20 19 82 94 62 11 87 73 74
1 60 26 71 72 87 76 66 59 24 87
1 30 60 56 67 59 99 22 44 87 29
0 16 17 72 8 87 70 6 27 94 9
0 94 47 5 50 57 35 40 68 20 23
0 78 45 17 81 31 77 94 80 41 68
1 5 69 81 60 95 47 0 95 68 95
1 73 31 96 76 96 5 78 77 20 99
1 19 2 79 20 66 63 93 88 92 67
0 21 42 69 77 91 7 78 20 2 35
1 5 17 35 23 56 83 76 9 57 89
0 1 7 26 52 17 17 19 65 44 34
1 34 16 46 25 99 64 94 32 32 84
0 86 41 75 55 30 93 94 60 57 5
1 41 39 25 39 16 0 78 61 9 90
1 93 77 72 57 37 21 91 35 78 22
1 3 84 19 82 2 64 27 56 14 14
1 99 100 58 83 40 0 85 27 88 45
1 89 63 96 76 45 76 85 50 11 36
1 89 27 76 78 82 28 47 55 62 97
1 87 24 58 53 65 11 71 11 39 18
0 33 84 69 51 4 18 36 19 63 90
1 31 17 25 86 40 5 65 38 97 95
0 63 91 0 49 72 8 89 9 37 94
0 6 2 26 23 98 89 54 92 13 43
1 23 81 90 78 6 6 4 83 77 93
0 36 36 90 64 14 11 39 32 40 67
1 51 80 19 2 54 99 50 91 70 26
1 83 3 87 2 39 83 94 62 32 4
1 96 7 17 29 38 86 15 56 56 50
0 97 89 87 62 58 27 66 17 56 24
1 21 3 93 63 93 3 92 49 84 84
1 42 22 39 80 73 58 42 28 61 73
0 47 66 1 10 98 65 31 85 33 22
0 100 88 24 72 74 59 12 29 73 85
0 26 86 96 88 1 96 34 10 28 6
0 29 65 68 26 53 14 21 48 40 68
0 78 18 15 25 12 68 27 45 20 32
1 8 52 0 60 82 31 91 46 80 97
1 9 68 63 86 92 72 100 7 32 42
0 35 10 14 36 46 56 14 61 31 48
1 88 15 49 41 46 69 77 29 82 89
1 18 11 35 96 6 54 43 96 54 14
0 54 20 26 37 36 28 16 84 87 96
1 53 20 74 24 48 16 100 66 5 12
0 53 50 84 0 40 88 82 63 73 65
1 86 67 84 10 31 35 14 52 42 94
0 93 43 60 16 90 31 94 99 31 94
1 49 68 35 82 71 63 77 29 35 78
0 7 23 34 16 83 54 19 72 73 37
0 25 58 44 10 46 94 75 97 72 46
1 43 90 88 13 36 34 79 5 67 73
0 21 78 85 46 87 11 47 49 86 71
1 89 100 83 70 13 47 8 6 27 26
1 98 23 39 63 90 84 34 36 100 42
1 42 29 62 93 28 7 23 72 21 36
1 91 30 18 72 2 35 57 58 65 80
1 86 98 38 85 50 37 11 13 61 31
1 96 23 26 92 9 89 93 95 6 46
0 67 43 14 17 42 66 16 57 17 36
1 31 38 66 24 95 31 92 81 0 87
1 1 28 14 66 21 28 40 11 71 49
0 100 65 93 26 94 87 46 73 80 94
1 6 12 78 90 78 73 29 48 100 5
1 70 41 30 90 74 73 28 54 69 41
0 61 40 77 77 36 81 59 71 32 53
0 22 78 68 10 39 58 8 86 90 14
0 47 51 55 59 51 92 31 33 41 93
1 75 59 59 65 85 91 59 60 0 68
0 41 67 62 49 18 81 33 78 13 26
1 19 46 69 46 18 41 70 30 16 61
1 4 52 8 98 85 89 13 86 29 89
1 72 75 28 59 99 52 100 99 61 30
0 37 14 36 32 8 89 13 100 10 24
1 85 2 10 98 31 69 95 84 74 62
0 5 2 45 73 66 51 100 45 22 86
1 80 71 61 83 96 61 65 73 67 45
1 54 2 77 74 95 85 11 8 16 52
0 5 17 6 52 60 38 92 30 97 5
0 20 6 44 3 54 23 6 32 20 100
1 42 37 33 13 21 68 66 67 92 21
0 16 64 74 87 54 100 25 68 80 96
0 13 57 22 22 56 51 2 8 72 79
1 27 90 58 27 75 88 78 73 38 83
0 60 7 53 76 38 95 96 40 74 5
0 57 85 30 29 79 25 78 70 97 32
0 14 27 80 8 35 47 88 52 86 56
1 82 59 38 37 34 23 4 80 36 13
0 91 46 31 95 13 21 86 41 67 58
1 60 46 68 76 36 89 28 20 26 70
0 66 53 29 58 88 63 0 47 25 2
0 77 83 4 46 39 47 98 75 22 41
1 25 21 87 5 11 100 3 36 62 3
1 1 3 8 55 82 70 24 63 77 96
1 76 47 46 81 54 47 97 3 6 1
1 9 16 8 6 98 18 25 51 83 91
0 87 74 89 81 37 92 93 15 43 79
0 28 33 2 65 35 4 36 97 100 8
0 62 91 98 52 87 47 37 100 17 98
1 90 43 36 30 0 69 76 75 93 75
0 10 99 24 94 80 14 34 5 76 4
0 51 86 51 8 34 37 1 96 54 6
0 38 91 49 58 17 71 39 34 68 78
1 7 21 46 25 95 35 52 32 58 18
0 42 58 61 87 97 97 85 0 75 95
0 75 4 21 3 38 9 56 6 11 84
1 3 92 30 70 67 29 11 66 3 99
0 47 1 73 26 7 59 57 9 91 29
1 72 32 80 27 83 55 14 31 15 7
0 81 97 34 100 15 43 67 41 34 48
0 42 25 16 30 72 98 25 14 38 22
0 81 100 37 53 58 33 86 28 65 29
1 75 89 32 91 56 52 4 83 29 75
1 65 2 21 48 7 42 31 82 5 4
0 39 67 85 54 53 83 38 5 22 30
0 92 46 7 59 27 49 86 58 93 6
1 8 84 97 21 45 37 20 92 52 89
0 50 62 66 88 93 87 26 17 87 91
0 58 25 35 3 7 30 66 56 5 28
0 33 97 15 48 70 72 36 50 20 10
1 21 49 71 18 80 83 0 25 5 11
0 34 78 59 76 38 35 29 11 64 80
1 33 94 46 47 87 60 67 30 58 89
1 6 28 82 95 93 99 61 64 81 72
0 36 80 50 85 91 68 18 79 94 78
1 73 18 3 47 20 50 87 10 92 46
1 40 75 44 46 33 2 60 46 85 61
0 94 91 19 25 9 33 75 98 49 75
0 66 21 55 65 19 97 81 50 13 35
0 40 45 8 29 63 13 38 95 23 13
1 22 31 85 58 53 80 58 62 97 15
1 73 89 15 96 47 0 56 28 28 1
1 10 76 32 60 29 84 45 91 38 41
1 69 76 78 2 37 94 34 21 51 5
1 36 85 15 64 4 2 43 70 31 95
1 9 11 62 14 50 51 87 30 22 14
0 99 32 29 52 70 18 54 15 22 24
0 23 12 24 46 31 39 63 49 69 78
1 19 64 91 21 33 9 12 22 48 44
1 79 92 29 5 73 34 86 59 3 79
1 34 48 20 13 50 0 84 66 62 11
0 28 26 52 23 0 44 67 57 85 34
1 99 61 5 8 91 47 66 83 100 23
1 75 64 21 99 43 63 100 32 96 77
1 43 55 64 60 98 88 33 91 98 24
0 18 80 69 13 18 87 14 91 5 48
1 74 71 74 78 8 57 25 3 18 43
1 59 16 13 44 99 60 74 94 14 18
1 15 63 13 71 66 94 84 41 57 45
1 22 51 92 10 54 78 45 96 66 17
0 8 67 27 5 62 53 82 82 13 100
1 69 87 55 42 85 92 96 54 22 41
0 55 53 0 50 38 31 27 57 65 12
0 5 20 18 29 87 89 36 70 45 9
0 86 39 76 42 86 42 66 66 45 17
0 38 80 64 59 82 81 2 34 72 28
1 41 30 47 6 46 73 43 70 43 28
0 86 95 35 39 49 52 78 85 80 98
0 81 87 12 58 41 58 54 8 7 73
0 75 76 85 65 49 57 35 31 60 60
0 40 3 68 37 30 37 5 74 74 75
0 51 94 99 40 47 32 18 32 9 66
1 82 22 79 84 23 8 61 62 3 2
0 70 55 71 55 9 79 2 59 19 28
0 18 40 51 27 6 67 44 62 83 86
1 64 20 72 82 8 13 100 35 41 48
1 6 68 37 22 16 38 64 8 92 19
1 4 68 78 51 80 22 33 92 42 88
1 17 87 86 91 29 50 46 26 98 85
1 38 27 56 62 47 66 16 54 57 69
0 100 91 94 59 73 4 40 74 99 31
1 22 60 30 54 66 35 79 38 90 86
0 27 47 87 51 18 35 28 27 19 51
1 51 23 87 57 76 85 2 46 2 23
1 72 15 2 10 44 30 95 39 26 93
1 65 34 23 99 47 5 47 26 32 9
1 39 96 90 0 26 31 24 10 89 44
0 49 84 18 65 54 49 84 89 17 20
0 13 46 65 63 39 94 65 85 32 82
0 1 49 90 46 39 33 0 88 87 35
0 92 15 58 63 30 87 7 38 74 8
0 52 45 45 35 7 44 87 60 69 20
0 12 64 6 28 2 83 94 10 82 58
0 9 0 65 49 9 47 72 13 71 20
0 13 91 10 14 64 14 37 33 60 69
0 21 90 23 71 45 36 63 49 43 95
1 70 15 96 28 83 96 63 21 62 36
0 61 28 73 89 37 4 26 7 41 32
0 94 26 41 88 5 62 50 21 88 87
1 22 36 22 83 87 16 32 31 69 28
1 80 48 59 60 81 78 20 71 21 79
0 74 65 100 82 70 98 29 36 54 27
1 86 93 24 84 8 92 32 65 85 5
0 12 75 62 36 56 87 88 96 88 95
1 90 41 33 100 8 55 30 29 33 61
1 63 96 20 6 75 43 92 42 40 67
1 47 16 12 80 82 82 26 16 53 1
1 65 87 47 5 23 92 88 13 9 93
0 24 75 65 24 6 21 92 34 20 1
0 13 45 14 42 4 34 25 2 74 98
0 33 7 89 88 43 49 11 71 26 39
1 54 66 52 58 38 36 37 32 13 9
0 100 64 20 41 35 92 36 6 3 1
1 26 60 68 11 59 34 79 73 66 25
1 44 5 60 2 62 3 58 61 61 8
1 19 12 100 29 43 69 49 55 62 42
1 96 64 75 96 32 70 31 87 18 77
0 49 98 50 34 14 100 87 73 15 23
1 8 81 42 18 56 33 50 58 26 78
0 81 73 3 36 51 37 30 88 87 66
1 11 87 11 81 20 40 43 32 73 76
1 39 99 85 20 5 84 33 69 29 72
0 51 18 47 0 93 41 52 60 91 7
1 77 12 20 71 75 72 71 17 13 96
1 18 47 50 73 51 55 63 56 81 3
1 42 38 99 92 58 38 49 48 69 40
0 65 21 22 80 10 32 79 52 91 68
0 98 40 52 1 86 73 22 87 16 46
0 2 63 23 34 42 86 7 4 27 66
1 74 61 76 1 58 1 81 26 28 8
0 66 45 78 88 10 38 73 89 38 56
1 37 30 71 48 39 15 79 99 65 33
0 79 52 30 3 63 74 84 17 11 2
1 81 12 70 71 28 42 37 23 50 19
1 87 20 0 86 17 39 48 73 39 43
0 17 63 44 37 70 3 9 74 90 53
1 67 0 14 85 2 92 77 71 64 16
0 59 31 39 11 51 70 63 57 94 30
0 31 50 91 24 48 71 18 69 19 5
0 89 61 59 50 61 39 23 62 7 2
1 25 78 95 87 78 65 28 1 62 63
0 17 10 62 83 37 68 61 2 59 89
1 11 74 20 42 27 14 28 66 30 21
0 46 75 26 93 27 17 39 39 33 67
1 52 54 38 89 38 59 79 10 65 72
1 19 99 34 62 100 37 52 58 68 60
1 15 76 64 52 67 16 52 66 40 51
0 67 66 4 57 75 46 76 5 14 76
0 39 13 15 57 88 84 31 4 73 5
0 34 69 10 64 4 42 20 9 1 5
1 80 0 31 95 87 53 83 83 56 62
1 70 28 85 70 52 93 72 73 79 59
1 85 82 2 5 23 14 38 75 51 57
0 75 72 15 60 62 88 41 37 12 79
1 99 7 17 17 8 29 38 28 47 88
1 88 1 21 97 58 13 30 52 10 62
0 88 16 22 86 54 30 26 36 38 71
0 92 6 45 98 79 42 53 40 73 71
0 90 51 74 63 15 31 39 67 43 11
1 58 13 9 42 54 97 44 99 94 5
1 96 98 29 87 87 91 3 92 72 95
1 93 68 39 90 98 38 24 7 65 56
1 81 97 43 95 88 63 39 73 77 41
1 88 10 15 61 82 78 48 9 60 35
0 2 24 72 72 6 21 13 8 99 69
0 38 78 8 58 77 85 62 31 56 80
1 47 43 10 14 58 98 61 60 52 66
1 30 82 75 92 60 58 69 69 83 66
0 15 8 97 93 70 94 0 57 68 26
1 37 67 77 22 0 2 60 76 79 22
0 47 64 22 45 34 44 91 10 11 48
0 72 61 47 76 99 40 44 7 39 91
1 2 70 61 10 35 23 89 57 28 69
0 97 57 77 35 1 47 52 84 80 55
0 53 16 27 20 43 51 73 1 14 85
1 52 41 10 75 66 52 43 88 1 95
1 7 80 67 27 62 93 12 54 21 58
0 17 50 89 10 38 65 0 96 23 18
1 63 95 80 29 62 42 72 61 25 36
1 94 8 34 4 60 35 35 73 69 89
0 43 22 29 77 16 47 13 51 47 61
1 30 70 61 100 43 65 21 74 32 89
1 89 50 83 36 40 98 45 5 97 21
1 92 8 8 4 82 58 16 61 43 59
1 23 53 95 29 94 93 14 94 52 80
1 30 24 23 49 61 67 0 17 98 35
0 51 25 1 10 71 41 74 78 46 39
1 87 21 52 45 60 10 57 47 49 41
1 29 8 20 46 15 57 83 88 9 63
0 70 14 66 88 99 97 87 54 85 22
0 95 55 85 39 41 0 81 84 60 33
1 50 56 85 44 37 18 99 77 37 37
1 7 33 11 36 21 10 32 76 24 78
0 36 65 77 14 77 94 89 87 0 6
0 22 13 27 1 91 15 52 46 76 75
0 66 13 31 97 54 87 11 47 5 30
0 18 58 27 0 36 21 15 36 82 79
1 50 2 62 10 11 100 79 3 51 37
0 6 48 62 41 27 39 49 80 88 13
1 12 98 61 32 7 88 1 86 31 12
1 31 65 22 22 83 95 30 18 45 60
1 77 3 11 27 77 45 30 20 86 54
1 27 86 6 45 5 91 82 97 55 22
0 32 86 87 10 82 38 39 86 87 74
1 36 4 32 17 8 53 69 69 41 55
1 8 80 51 8 89 29 27 50 74 99
0 55 67 49 66 55 88 22 100 90 99
1 62 70 21 61 83 54 30 98 23 73
1 17 56 40 0 58 47 90 70 21 46
0 99 97 79 42 16 62 37 49 7 34
1 92 14 66 31 39 64 36 45 64 78
0 56 76 51 87 35 39 20 34 39 100
0 86 26 7 10 65 57 87 85 35 8
0 4 9 74 7 19 7 20 61 96 49
1 63 55 31 59 21 40 13 52 5 89
1 69 93 69 45 2 9 61 46 11 41
1 18 54 14 47 22 47 82 98 23 35
1 93 57 14 87 25 37 76 8 91 6
1 91 88 38 55 68 93 23 86 65 10
1 71 18 19 43 3 70 42 14 2 5
1 20 54 90 73 47 35 94 22 67 64
1 43 48 80 93 48 80 54 74 6 78
0 68 50 40 26 44 2 51 42 11 45
0 21 73 23 40 43 70 19 81 87 27
1 19 80 66 34 35 87 19 74 43 73
1 9 24 23 92 76 6 14 51 76 26
0 88 99 60 11 56 17 44 19 62 60
1 68 79 14 58 28 56 48 27 48 45
1 80 69 60 68 52 83 46 34 83 36
0 69 100 79 96 91 75 37 6 29 22
0 21 88 59 98 11 91 19 42 26 38
0 68 31 65 0 49 33 68 37 66 71
1 58 59 57 45 44 89 32 50 75 35
1 56 71 22 13 57 40 80 39 84 25
1 85 49 52 56 16 17 55 92 89 74
0 10 57 53 59 57 96 66 39 10 30
0 68 88 52 54 43 79 96 11 76 69
0 76 80 22 10 9 50 57 29 79 0
0 18 92 47 94 76 31 75 100 92 46
1 24 80 84 47 93 75 46 70 39 14
1 94 47 89 15 96 77 99 73 28 32
1 97 72 6 77 83 88 6 11 65 37
0 5 93 64 82 68 71 68 9 98 9
0 8 49 62 88 50 33 32 84 50 4
1 32 54 59 61 57 10 73 92 10 77
1 90 17 55 81 52 1 6 95 39 96
1 90 48 27 35 86 51 96 5 23 57
0 90 56 16 80 82 24 52 47 57 68
1 61 73 47 76 54 18 3 41 88 49
1 70 78 4 6 64 64 83 7 52 26
1 99 31 15 100 8 76 25 88 49 1
0 28 7 72 71 23 93 15 85 33 76
1 53 7 12 46 15 44 52 58 5 63
0 75 67 90 42 22 96 39 29 39 77
1 19 43 26 53 93 37 60 93 82 44
0 46 83 33 36 43 91 23 100 41 96
1 77 71 24 87 72 6 89 85 3 53
0 100 71 72 38 65 26 10 90 83 49
1 31 92 53 71 31 23 78 7 54 84
0 69 7 73 64 96 81 25 43 74 20
1 48 54 1 63 78 58 81 6 5 77
0 63 15 72 54 4 82 68 49 21 15
1 89 99 98 85 5 1 64 72 70 50
1 1 4 96 87 61 87 43 5 76 38
0 60 90 65 47 43 32 36 35 57 67
0 81 55 84 57 67 33 67 71 29 36
1 89 24 47 63 21 64 38 11 12 38
1 100 89 33 82 85 41 2 77 17 44
0 8 75 92 31 47 7 8 58 75 15
1 26 73 63 59 84 69 10 6 77 8
1 88 41 94 91 3 69 19 57 97 56
0 79 56 40 93 61 16 43 67 84 47
1 53 97 26 85 58 99 9 5 67 94
1 49 35 37 41 10 19 74 8 98 8
1 19 88 25 64 75 95 56 28 7 25
1 69 58 12 57 85 8 51 62 76 67
0 48 89 53 98 42 13 36 32 40 53
1 31 91 90 49 67 79 61 89 55 73
1 52 5 5 10 26 43 67 14 13 78
1 64 87 90 66 28 75 55 11 36 28
0 39 74 34 100 85 92 95 51 36 60
0 27 72 2 68 34 53 12 92 87 66
0 65 14 6 48 35 20 24 2 20 19
0 27 81 26 30 23 41 83 25 49 52
1 65 86 31 91 35 37 28 30 82 24
0 66 22 61 19 56 46 88 52 28 79
0 24 70 40 93 84 63 35 37 58 6
0 18 37 55 52 83 15 100 95 86 79
1 94 17 92 78 57 100 57 50 97 93
0 61 27 91 56 74 42 17 1 92 13
0 28 70 15 84 84 44 76 63 37 18
0 48 71 70 92 49 96 10 16 3 61
0 12 17 12 70 36 9 44 47 11 20
1 13 83 89 68 10 61 5 20 84 13
1 75 42 45 44 49 21 87 44 6 26
1 82 16 64 28 88 67 31 16 25 85
0 88 30 57 51 37 53 83 31 67 94
1 77 100 1 65 100 55 26 4 77 26
0 10 70 14 71 50 21 10 58 35 34
1 44 59 27 69 70 91 4 5 34 36
0 93 10 46 87 75 46 0 81 10 89
1 42 82 14 82 24 21 76 54 18 68
1 71 66 12 74 86 18 94 58 63 99
0 66 45 9 80 100 47 92 36 86 12
1 11 48 58 36 40 48 88 42 97 33
1 68 3 16 16 7 69 8 17 69 78
1 27 61 32 89 38 36 40 87 63 63
0 20 86 81 87 49 69 60 73 72 91
0 75 81 24 69 100 63 58 50 44 43
1 66 76 12 73 51 95 36 20 51 6
1 20 91 95 26 64 3 8 74 27 86
1 100 49 80 53 0 82 3 64 54 41
1 72 48 26 28 12 8 69 35 86 78
1 94 92 62 43 88 34 64 14 67 21
0 97 38 85 95 59 45 73 99 2 90
0 20 97 14 95 32 70 23 86 5 97
1 14 40 20 13 97 94 5 97 37 8
0 42 52 55 100 40 36 68 23 55 44
1 5 92 25 78 29 58 38 80 77 69
0 62 95 73 63 18 23 99 20 41 35
1 99 2 61 1 89 39 100 75 30 14
1 80 56 34 4 71 64 26 2 80 10
0 91 33 67 39 7 93 81 100 13 16
1 35 76 90 92 78 52 90 67 95 33
1 61 51 14 11 39 74 69 57 28 42
1 43 0 51 59 40 73 94 2 52 99
1 65 9 18 0 86 31 55 34 47 76
1 47 0 53 94 95 26 82 46 92 37
1 69 47 19 5 79 56 12 70 26 44
1 43 40 32 84 68 41 97 96 45 8
1 70 76 61 58 11 24 19 64 45 42
0 5 20 41 78 93 64 69 69 65 100
1 37 18 41 34 93 37 39 62 11 25
0 62 38 69 21 48 37 52 32 85 100
1 95 38 83 35 4 41 4 17 53 29
1 35 6 35 96 33 2 28 71 28 67
1 65 58 60 64 66 9 89 10 54 96
1 56 82 11 1 49 12 14 95 24 75
0 88 74 48 29 54 54 46 99 27 17
0 70 28 50 26 65 19 6 75 19 64
0 44 43 6 46 85 70 67 16 92 28
0 40 86 43 3 24 97 3 53 43 25
0 3 12 79 36 64 78 96 63 70 57
0 73 34 39 41 19 18 23 54 23 30
0 15 12 79 47 16 13 37 69 62 72
0 31 40 15 46 74 76 62 20 15 0
1 40 63 23 0 54 91 12 52 97 69
1 88 33 41 26 53 74 68 13 58 47
0 55 80 62 87 34 42 81 33 34 25
1 1 89 14 22 74 65 32 4 5 58
0 80 55 92 32 87 59 15 27 43 34
0 78 90 81 32 86 27 89 21 89 13
0 90 84 11 63 1 60 93 39 6 55
0 91 37 85 58 58 57 90 36 1 75
0 30 12 61 61 17 75 26 51 27 18
0 8 39 28 51 63 86 47 14 73 56
1 24 65 11 92 25 84 0 56 70 16
1 80 75 9 57 5 75 36 62 52 45
1 74 27 63 54 58 72 2 30 21 62
1 12 34 8 61 95 68 89 61 61 32
0 32 6 97 72 61 77 32 100 87 59
1 46 98 9 100 90 26 71 88 84 17
1 61 65 45 69 30 11 65 88 33 19
0 26 18 63 57 10 94 47 53 73 96
0 89 88 82 78 91 76 77 29 29 79
1 71 69 38 51 18 94 10 33 49 94
0 80 64 44 66 44 35 23 69 10 4
1 76 93 15 23 77 3 37 56 52 83
1 91 31 1 56 74 70 26 79 14 19
1 44 92 94 53 84 94 53 100 58 12
1 90 95 26 28 45 15 93 58 31 32
1 33 83 43 96 11 21 30 60 59 40
1 72 39 20 65 63 4 5 56 27 74
1 87 6 27 36 84 55 8 47 88 70
1 24 88 59 100 62 56 50 71 60 39
0 100 75 47 8 11 28 44 1 67 89
0 8 95 56 40 80 18 78 41 21 34
1 42 11 66 53 32 2 68 12 14 17
0 16 89 65 28 56 67 78 0 50 41
0 22 90 8 28 46 66 42 66 97 70
0 13 93 14 53 22 89 65 8 18 81
1 24 63 44 45 79 61 78 50 0 78
0 50 1 93 38 40 28 21 98 77 19
0 37 29 23 28 26 59 98 4 83 79
0 94 83 0 42 52 2 74 79 31 46
1 83 27 71 61 94 99 63 17 77 88
0 72 23 54 33 97 14 50 100 74 48
0 16 36 0 50 79 56 71 44 29 79
0 45 76 86 20 14 69 70 44 85 80
0 34 17 45 36 21 13 44 82 29 32
0 2 30 49 55 87 43 93 23 4 85
0 83 21 22 72 31 68 85 45 34 53
0 94 24 3 87 40 37 16 36 61 1
1 28 44 14 92 39 64 59 94 66 46
1 96 25 36 60 80 48 86 62 3 73
0 80 52 82 75 35 31 87 67 100 46
1 62 67 84 40 11 73 13 36 65 69
1 47 89 70 51 50 66 71 16 17 44
1 31 9 96 56 78 12 82 64 34 69
1 38 75 82 7 44 65 24 91 92 27
0 3 60 98 38 93 78 71 32 65 94
0 49 68 6 19 87 61 96 79 73 82
1 22 81 49 19 60 20 66 46 9 64
0 41 55 18 51 97 28 96 41 35 28
0 63 58 22 73 98 99 32 89 31 81
0 71 76 38 22 54 58 43 92 20 78
0 58 31 36 42 55 2 82 75 36 34
1 66 12 70 69 18 97 93 2 39 84
1 12 84 16 45 18 94 62 73 21 36
1 69 44 96 94 35 68 20 99 12 63
1 68 38 69 8 11 38 13 78 72 80
0 69 61 58 44 96 53 12 33 29 96
0 61 47 0 61 73 26 79 15 88 12
0 35 16 80 21 14 14 51 38 18 91
1 88 88 32 59 85 94 7 87 93 6
0 46 94 83 47 30 21 4 45 2 25
1 79 0 38 34 86 16 78 32 66 50
0 22 93 69 69 46 70 64 1 49 38
1 6 100 30 99 89 80 68 4 18 67
0 67 99 90 83 45 26 35 16 100 36
1 100 8 26 88 94 20 99 13 31 5
1 27 62 18 30 47 50 3 72 81 24
0 36 84 84 36 64 61 21 80 43 10
1 4 30 51 87 40 83 1 49 17 8
1 98 40 14 30 38 70 62 87 26 92
1 30 60 55 35 12 86 31 77 13 97
1 96 3 43 51 100 97 42 95 80 3
1 26 71 8 15 98 90 95 41 56 52
0 33 51 69 74 72 17 40 1 59 66
0 81 46 90 77 1 76 64 76 42 75
1 77 50 80 64 6 11 75 86 15 31
1 44 96 11 7 11 14 35 78 42 55
0 8 25 37 77 7 61 15 68 67 39
0 40 96 32 6 39 2 78 24 40 68
1 43 75 77 85 73 98 4 43 38 69
0 69 16 86 50 28 17 46 29 90 38
0 76 42 29 94 17 54 24 28 83 2
1 72 65 30 74 60 46 41 2 87 42
0 47 53 56 96 88 23 80 30 22 0
1 27 50 46 44 86 23 50 47 48 0
0 29 13 14 31 34 94 64 54 57 16
0 19 8 75 15 0 72 85 59 99 71
0 63 76 23 67 84 1 9 86 97 99
0 93 74 95 60 98 75 15 100 25 85
1 22 66 55 25 35 27 85 4 34 71
1 53 58 91 9 69 100 59 43 39 15
1 89 100 2 56 46 98 28 44 81 48
1 96 20 45 36 46 41 19 80 51 67
1 32 39 54 4 88 0 7 61 1 12
0 49 14 11 28 3 42 21 83 69 65
0 67 75 47 51 57 1 87 45 74 28
1 59 38 18 44 0 81 97 25 85 33
1 25 23 9 76 74 91 4 49 5 87
1 65 64 16 70 22 57 33 7 53 32
1 20 84 51 88 41 39 4 23 88 0
1 20 67 1 25 73 12 68 89 86 20
1 49 14 86 15 57 89 2 44 57 62
0 10 34 36 88 72 53 96 87 74 38
1 1 97 86 55 30 94 3 24 93 35
0 43 33 52 22 56 71 1 58 26 13
1 25 3 50 90 36 20 60 50 92 72
1 90 25 95 8 78 55 5 87 14 84
1 90 44 78 92 25 71 3 1 76 86
1 12 95 18 27 6 57 6 90 64 9
1 86 32 31 78 35 79 61 83 12 40
0 16 72 30 86 15 90 65 80 62 90
0 42 99 16 39 26 70 19 51 86 49
0 34 12 27 81 95 14 74 42 68 14
0 39 3 30 3 88 24 58 59 67 28
1 76 34 21 24 64 99 77 97 86 83
0 70 92 71 94 77 24 22 57 20 62
0 46 100 45 25 27 99 77 39 38 80
1 52 25 55 29 52 63 44 23 34 3
1 72 20 70 46 63 15 77 87 74 58
0 8 76 1 57 18 35 10 54 80 0
1 1 72 55 32 55 42 82 72 4 88
1 69 13 93 48 1 57 7 21 37 89
1 24 28 6 64 68 4 73 43 76 68
1 60 97 22 82 60 23 8 73 13 79
0 79 30 95 6 28 54 15 8 47 81
1 23 20 3 48 54 37 80 3 96 14
1 24 23 65 91 11 40 48 80 65 66
1 100 27 0 45 22 19 50 30 85 87
0 96 52 38 24 50 42 64 100 90 98
1 38 87 16 100 47 94 26 44 98 58
1 0 93 74 19 98 85 14 48 56 43
0 57 13 77 90 67 84 82 21 60 39
0 40 64 65 48 57 24 26 89 32 0
0 98 59 51 8 81 33 66 71 13 9
1 85 83 26 80 94 42 56 15 96 38
0 44 63 92 22 61 7 84 46 4 87
0 65 40 52 61 17 77 65 6 88 17
1 26 49 18 1 69 46 92 88 20 92
1 97 61 87 94 59 0 72 3 93 88
0 52 43 4 99 8 64 30 60 36 58
1 13 75 2 30 22 61 61 67 86 85
1 64 49 77 20 15 2 42 6 51 11
1 9 90 72 75 82 44 99 19 52 13
0 45 42 8 50 88 44 69 24 57 69
1 4 85 61 64 54 47 45 8 52 46
1 13 77 62 35 66 2 73 69 46 90
0 39 67 99 25 53 58 40 33 38 9
1 54 56 45 77 76 45 76 31 49 8
1 58 90 53 68 38 76 15 44 4 91
1 70 5 57 59 63 62 9 92 5 16
0 3 20 2 3 47 95 9 91 94 61
0 16 1 95 24 98 8 50 53 94 55
1 12 26 62 14 43 9 33 95 53 76
0 18 99 66 79 86 17 1 6 85 83
1 98 8 89 86 57 29 17 88 82 25
0 49 9 89 66 60 0 30 54 18 56
1 54 14 45 69 6 98 85 47 74 69
0 88 60 81 95 62 29 26 15 82 8
0 77 54 13 65 54 7 7 30 32 5
0 39 33 80 48 56 62 63 95 89 50
1 35 61 82 37 72 32 86 9 50 81
1 53 88 20 58 7 72 37 38 36 81
1 57 65 95 59 43 5 82 73 95 35
1 30 9 97 58 75 85 36 76 58 9
1 36 38 96 90 57 44 33 57 42 47
1 26 79 6 23 50 9 70 6 92 30
1 100 88 5 99 4 88 92 93 58 69
1 78 85 4 32 33 18 43 87 48 31
1 23 68 80 66 67 82 54 72 72 83
0 42 32 42 72 36 13 45 86 84 18
0 26 23 1 0 58 48 3 86 4 26
1 32 27 67 38 28 70 72 50 76 24
1 23 33 70 15 3 67 44 33 57 97
0 94 25 76 67 9 49 4 86 30 64
1 96 87 89 93 34 78 20 31 74 56
1 41 85 59 97 43 42 0 46 17 40
1 73 77 50 15 28 84 19 19 30 19
1 94 40 4 51 57 8 90 61 48 3
0 51 46 52 99 97 97 28 43 14 100
0 26 38 48 38 13 92 52 47 6 29
1 19 33 99 85 89 13 69 100 69 85
1 3 4 96 85 72 87 16 20 88 21
1 77 50 4 34 71 20 55 18 72 19
0 1 61 11 26 10 27 13 36 70 1
1 45 95 99 42 30 14 53 95 65 22
1 31 69 45 78 95 68 18 42 95 68
0 85 95 15 99 77 80 55 81 25 63
0 66 14 73 99 25 66 83 94 88 87
1 53 84 23 51 60 77 52 24 6 84
1 28 50 28 12 1 8 83 82 6 60
0 66 29 43 76 73 53 89 22 57 29
1 57 70 90 92 39 33 56 78 6 58
1 22 29 56 81 92 25 55 0 74 2
0 3 97 60 77 52 90 38 53 61 47
1 40 4 80 18 18 87 6 84 83 75
0 82 14 90 32 4 45 82 19 57 10
1 18 98 14 86 3 4 100 35 22 66
0 5 24 53 2 77 38 39 20 85 32
0 32 62 99 22 56 45 34 96 81 55
1 23 83 11 48 65 34 77 18 2 17
1 53 21 54 13 58 83 79 35 62 78
0 84 72 2 57 12 21 44 37 93 53
1 64 94 66 44 79 77 89 24 36 67
0 30 28 37 49 55 41 53 0 34 39
1 27 56 71 88 93 64 5 27 89 52
1 76 5 86 52 16 45 24 51 68 41
1 6 72 12 90 49 82 69 9 28 62
0 22 23 71 48 32 73 50 25 73 27
0 76 70 69 30 32 77 39 90 28 9
1 85 34 78 2 59 86 45 17 13 40
0 49 11 61 37 59 12 93 14 16 16
1 34 89 35 73 55 42 10 86 61 76
0 11 62 54 69 96 33 22 55 6 52
0 46 48 84 15 46 47 69 78 5 59
0 55 88 91 75 58 56 32 51 61 33
1 93 72 38 1 95 69 23 38 41 11
1 33 82 91 58 69 6 82 93 91 61
0 19 60 51 29 3 2 88 21 7 77
1 93 83 37 18 43 70 99 63 60 51
1 32 67 91 59 2 28 24 47 76 66
0 55 3 83 95 18 88 56 42 15 86
0 49 29 1 38 37 19 66 96 100 50
0 99 6 50 44 81 92 98 66 12 34
1 17 70 28 64 42 1 85 92 53 64
0 53 84 89 39 98 21 43 61 95 31
0 81 9 16 100 19 91 39 25 13 15
1 32 54 41 98 10 48 86 2 55 16
0 93 68 10 63 57 35 8 22 10 2
1 83 87 64 16 4 34 21 63 50 96
0 19 67 87 84 74 64 45 81 92 41
0 90 93 86 38 90 81 69 44 10 77
1 75 89 21 48 21 80 7 63 70 39
1 49 70 2 57 96 93 100 9 0 76
1 30 12 52 66 18 71 60 3 10 70
1 74 72 13 47 48 6 54 0 27 92
1 98 20 49 63 29 23 75 21 76 34
0 98 4 85 78 4 76 46 28 25 50
1 92 94 10 38 58 67 31 71 21 26
1 18 89 92 20 82 55 73 70 29 33
1 45 67 25 15 48 66 92 77 10 53
1 6 56 0 54 59 18 77 47 30 59
1 62 75 76 31 56 19 37 94 13 60
0 50 57 44 70 42 83 53 50 8 4
1 76 77 54 62 70 95 57 10 34 74
0 13 33 51 43 83 29 65 15 11 20
1 28 66 51 79 15 67 32 93 81 30
0 42 79 76 53 64 71 26 20 27 21
1 35 5 82 55 3 67 24 34 13 99
0 73 72 4 92 66 5 70 37 16 50
1 53 98 53 37 42 86 61 31 61 8
1 79 70 91 75 100 75 64 76 34 60
1 57 68 10 96 89 75 28 15 58 64
0 52 96 82 8 67 39 65 99 82 39
0 58 59 32 38 33 11 53 18 98 81
0 61 73 74 42 88 19 37 58 79 95
1 91 80 57 54 97 79 50 17 100 48
1 55 65 0 26 73 96 82 98 28 5
0 96 5 13 44 41 59 70 27 27 19
0 59 75 100 63 61 36 29 77 69 18
1 39 42 79 41 8 47 67 24 59 44
0 33 98 64 97 79 48 14 84 97 7
0 49 18 55 24 2 55 7 3 83 46
0 38 78 87 92 74 6 92 0 20 97
0 93 74 97 40 75 50 8 7 71 16
1 96 100 34 51 57 33 43 69 62 46
0 47 68 95 63 47 47 8 40 80 34
0 70 8 3 41 25 23 25 50 89 10
1 30 51 9 48 29 78 90 76 18 31
0 62 28 14 27 37 50 99 74 88 22
1 46 98 25 25 42 4 63 71 60 49
0 65 95 21 10 31 34 67 51 31 7
1 69 56 54 82 29 82 81 80 27 40
0 93 13 84 7 97 93 3 19 95 84
0 6 92 67 82 17 8 39 92 0 2
0 26 9 89 23 35 51 89 85 90 71
1 27 74 83 54 90 37 64 13 73 94
1 33 89 16 63 77 58 26 20 7 12
1 21 5 45 71 19 57 27 47 55 32
0 2 43 75 33 20 85 98 51 17 33
0 42 45 54 63 22 19 17 61 54 99
0 58 33 88 8 79 20 18 83 0 89
0 38 0 40 3 49 47 11 86 42 57
1 24 62 51 70 72 39 48 34 72 3
0 20 35 13 81 16 39 70 1 38 40
1 66 63 98 79 16 40 9 7 56 30
0 75 89 27 2 35 42 17 17 43 70
0 62 72 80 58 9 78 40 2 91 75
1 50 18 48 66 25 65 34 85 44 73
1 28 40 37 47 6 85 4 51 48 39
1 18 92 79 77 19 35 33 12 89 25
1 22 75 69 24 23 45 72 43 90 0
0 51 59 12 2 73 48 99 65 62 46
1 68 16 61 44 83 29 0 75 93 17
0 81 55 35 51 48 75 92 47 36 21
0 82 37 14 94 91 4 17 60 40 14
1 20 31 88 10 21 97 47 2 95 96
0 83 88 40 35 13 99 58 92 4 87
1 80 71 16 18 62 7 68 87 46 47
0 84 28 33 45 47 14 72 35 94 38
1 37 42 47 17 94 49 24 50 44 100
0 79 50 97 4 24 17 5 16 76 45
0 93 52 68 91 100 40 84 60 65 56
0 11 93 61 60 76 69 3 60 81 71
0 29 22 71 55 95 13 55 66 45 13
1 16 58 89 0 15 79 59 34 96 66
0 34 46 6 42 13 69 36 19 63 8
1 71 67 64 75 55 59 51 36 40 8
0 13 95 72 82 80 12 5 21 9 91
1 2 29 16 72 6 11 8 70 49 12
1 23 55 66 43 27 78 61 42 19 0
1 19 24 91 48 3 16 88 26 30 59
0 58 92 6 90 54 2 46 4 80 32
1 72 70 52 27 73 88 77 24 45 35
1 90 15 25 35 41 46 30 34 77 5
0 87 43 15 99 55 41 58 18 75 49
0 24 2 44 12 86 86 92 44 27 38
1 33 38 48 44 12 26 31 53 28 50
1 83 51 24 29 91 33 58 57 64 69
1 2 91 7 55 8 0 7 90 39 59
0 4 29 46 64 16 17 24 17 32 93
1 57 76 72 3 0 4 51 1 21 40
0 80 26 50 92 84 65 61 74 76 94
1 64 98 24 59 41 85 94 11 66 12
0 3 1 54 95 71 6 32 13 82 31
0 3 14 92 8 72 64 68 28 92 93
1 44 19 33 58 44 10 10 11 36 2
0 91 97 95 86 96 40 24 92 40 23
1 31 85 43 77 97 10 3 54 86 64
1 36 89 47 47 83 24 77 83 32 32
0 3 89 45 44 52 12 19 73 63 11
0 51 37 73 91 6 95 17 18 29 75
1 32 85 22 6 35 34 44 87 36 18
1 13 35 35 32 96 4 65 84 84 100
0 97 81 54 18 75 72 30 10 56 45
0 34 79 65 50 14 88 51 4 33 5
1 66 18 94 69 30 27 71 45 5 51
1 22 6 92 49 16 27 74 20 64 28
1 74 57 63 57 28 10 12 94 86 69
0 4 71 61 60 86 35 3 61 98 16
0 25 60 71 62 62 38 74 4 46 35
1 38 36 44 61 10 11 81 2 82 90
1 86 22 74 71 66 29 13 16 69 25
0 93 4 31 15 40 19 27 20 97 28
1 18 58 78 4 7 29 56 99 68 60
1 70 65 37 37 11 57 6 44 39 47
1 44 23 83 83 86 21 51 22 70 31
0 46 89 82 75 67 89 2 97 10 20
1 19 97 74 20 68 29 82 28 95 25
0 29 76 19 1 94 33 12 33 53 83
1 76 71 84 39 52 95 42 72 84 4
0 37 75 9 11 60 2 67 57 73 99
0 39 0 47 31 69 91 53 86 42 67
0 76 38 49 28 68 79 80 74 15 97
0 70 71 28 91 87 96 44 72 45 86
1 71 96 4 6 44 14 7 51 61 63
0 44 34 34 69 29 19 94 86 60 75
1 44 94 81 13 52 69 20 17 83 24
0 55 45 23 25 2 78 55 48 10 26
1 5 54 77 6 50 57 3 14 12 24
0 48 9 75 18 91 58 38 17 97 63
0 99 71 6 54 35 0 39 49 100 11
0 7 89 88 16 70 10 53 82 93 19
0 90 19 10 37 80 49 4 67 49 81
0 53 54 27 44 58 71 10 96 56 86
0 38 91 21 45 56 79 86 29 11 2
0 48 64 69 17 86 86 95 80 20 17
1 5 53 23 47 12 90 22 86 40 22
1 64 32 24 58 20 60 18 74 43 53
0 87 57 77 45 64 65 32 61 50 17
0 64 64 20 99 73 98 26 70 57 32
1 63 28 43 67 15 77 12 31 87 29
0 10 13 79 44 72 9 40 74 56 53
0 5 54 4 68 13 86 50 11 19 32
1 40 68 50 69 82 5 80 49 67 29
1 70 25 12 60 78 87 41 55 19 100
0 9 24 17 57 15 26 12 45 81 19
1 17 39 78 24 47 26 76 8 75 35
1 45 89 89 39 17 79 35 84 86 75
0 50 47 72 22 56 1 86 34 34 17
0 9 2 33 85 63 0 94 88 8 26
0 51 100 81 79 41 6 7 76 45 48
1 55 33 79 74 73 36 28 52 48 26
1 32 53 59 71 75 75 55 75 8 8
0 71 40 87 19 90 57 82 33 98 72
0 54 16 21 1 0 61 13 72 61 95
0 5 91 99 71 8 84 98 4 55 76
1 31 69 5 28 5 45 65 46 35 52
0 28 12 37 65 54 23 3 13 65 72
1 81 27 24 98 37 68 95 53 40 95
1 47 89 60 29 92 24 69 82 83 99
0 70 41 99 10 66 95 0 36 69 11
0 29 48 40 18 32 38 16 21 99 63
0 75 34 53 92 84 53 23 97 2 90
0 40 59 88 96 33 27 31 27 40 57
0 83 79 32 62 33 63 75 15 34 20
1 70 83 75 33 54 21 51 46 80 68
1 97 96 50 19 42 82 61 11 64 73
0 57 63 66 43 43 44 43 14 56 27
0 27 98 88 44 64 37 39 72 67 100
0 3 64 45 71 11 56 20 11 47 72
0 23 0 34 100 21 16 1 26 36 4
1 11 22 64 23 86 88 50 84 49 14
0 16 28 15 42 16 59 14 52 41 47
0 68 65 69 17 67 100 39 83 47 50
0 46 5 23 66 19 31 85 82 63 77
1 28 25 94 92 91 100 92 67 15 11
0 71 9 55 87 48 56 38 83 43 89
1 47 89 46 76 90 34 93 67 41 89
1 78 66 67 87 53 100 68 57 56 43
0 84 3 59 19 80 77 27 91 67 77
1 72 75 32 9 33 5 94 32 21 3
1 29 21 88 48 28 63 68 0 12 23
1 64 74 13 37 58 97 95 44 86 73
0 39 35 55 76 41 71 45 33 95 78
0 55 43 67 94 77 92 14 61 22 67
0 69 76 67 81 24 59 11 73 86 87
1 18 96 19 34 15 25 24 60 78 89
1 68 79 30 88 71 59 23 41 23 60
0 85 53 38 25 0 77 94 71 36 15
0 50 56 24 65 31 82 13 88 46 83
1 17 93 26 82 25 5 81 34 30 89
0 90 4 84 72 62 11 70 6 74 70
0 61 5 97 84 90 64 77 35 43 76
0 22 20 98 80 62 67 62 27 12 87
1 29 99 17 70 6 36 79 77 85 81
0 25 85 71 71 2 37 24 7 68 98
1 76 10 78 90 1 91 52 71 60 36
1 7 10 22 77 3 74 52 76 67 100
0 60 86 26 56 72 68 80 28 60 55
1 68 19 91 37 53 13 34 31 81 61
1 74 55 82 45 56 44 38 86 15 6
1 0 88 46 6 63 85 35 50 12 18
1 54 100 90 68 96 52 83 89 21 33
0 100 68 50 5 56 76 15 28 1 12
1 88 19 9 3 47 6 94 5 59 78
0 54 2 18 70 10 57 33 16 2 20
1 0 9 48 27 54 4 35 7 96 49
1 82 60 54 7 51 72 52 20 41 6
0 63 13 95 87 14 90 59 15 81 1
0 84 50 7 30 7 41 32 92 60 64
1 43 42 31 12 8 95 12 17 14 30
1 28 54 86 31 3 82 86 43 14 100
0 61 74 47 6 75 48 92 26 54 72
1 16 53 31 0 82 5 67 47 18 28
1 50 52 1 72 61 75 7 5 36 5
1 45 80 61 37 10 10 22 36 76 61
0 67 38 26 98 61 2 94 14 48 13
1 31 40 67 17 92 71 31 30 56 70
1 85 96 52 77 92 9 58 16 15 84
1 10 53 96 46 3 18 55 96 11 67
1 5 78 56 79 44 61 73 53 28 70
0 79 57 87 42 66 49 16 53 10 82
1 5 91 99 98 91 74 3 23 47 23
1 70 92 25 71 11 85 80 61 100 70
1 85 1 68 32 98 11 89 89 19 71
0 70 94 71 45 20 24 77 75 27 86
1 3 0 26 78 16 16 32 33 42 15
0 38 29 56 4 46 16 89 66 31 21
0 14 79 26 42 42 29 12 24 75 38
1 88 32 31 71 36 34 70 55 14 43
1 36 66 25 30 45 77 39 90 13 50
0 52 31 87 54 69 38 11 14 42 33
0 21 65 77 73 31 68 63 100 45 18
0 53 99 96 65 66 21 6 70 17 82
1 31 37 54 26 37 13 70 77 61 75
1 49 66 21 43 88 43 27 60 11 26
1 8 1 16 37 26 54 74 72 4 25
0 61 93 62 75 29 28 87 20 9 38
1 7 14 74 23 93 25 94 15 25 98
1 40 85 98 90 85 60 61 43 43 10
0 1 12 67 100 34 55 49 38 64 24
0 99 72 25 41 17 81 51 27 64 44
1 80 37 10 16 0 39 19 33 52 13
0 18 12 60 12 24 27 72 18 96 8
0 54 70 20 100 100 88 56 100 21 25
1 73 22 19 57 3 43 82 45 23 95
0 17 32 96 56 42 69 17 43 86 69
0 46 87 99 45 34 98 0 59 72 90
1 87 43 85 36 32 84 34 86 86 59
1 18 47 22 48 94 51 23 16 68 20
1 40 47 71 48 8 39 88 71 53 90
0 37 62 77 84 80 72 60 34 77 76
0 65 78 40 73 85 52 83 33 13 50
0 14 8 95 85 34 86 0 28 80 6
0 67 53 55 16 97 38 97 54 26 91
1 49 88 14 4 70 24 15 63 57 2
0 33 61 64 70 19 51 97 32 18 75
0 30 75 57 76 71 48 10 82 89 93
0 31 64 56 40 31 19 53 5 10 7
0 79 38 69 43 13 49 75 67 82 89
1 34 96 67 9 9 19 87 4 6 82
1 98 1 90 57 60 50 69 29 42 64
0 45 36 13 11 26 66 72 79 74 98
0 78 37 43 68 29 97 42 100 96 23
0 88 23 77 83 39 41 98 5 80 63
1 29 43 32 73 100 94 3 12 61 85
0 19 89 91 26 66 90 37 82 89 100
1 64 32 32 51 70 69 27 52 96 93
1 8 19 29 69 90 60 75 54 55 40
0 36 48 68 17 99 79 56 40 90 79
1 0 73 52 42 27 87 8 13 45 71
0 42 30 31 84 57 79 52 43 67 43
0 43 80 10 14 4 18 62 68 100 40
0 26 18 46 35 100 7 65 58 6 69
0 68 29 19 38 75 77 50 84 83 97
0 4 83 27 78 41 68 95 3 89 5
0 68 46 89 74 90 19 45 71 50 18
0 84 72 90 18 24 68 87 87 22 90
0 31 18 61 71 99 90 49 32 74 21
1 51 55 28 90 2 0 95 41 16 28
0 53 14 12 89 45 26 44 88 67 15
0 84 4 93 53 74 63 51 99 23 94
0 20 37 7 9 86 28 73 32 88 84
0 34 40 72 93 38 87 6 64 13 95
1 31 87 27 5 6 83 1 36 0 2
0 43 24 48 69 87 5 100 72 96 69
0 36 64 14 12 55 62 50 42 76 65
0 55 49 18 75 99 10 77 75 93 59
0 3 20 20 44 8 67 30 37 80 24
0 85 80 2 93 100 91 17 69 16 53
0 31 70 69 42 85 41 39 26 93 77
0 9 13 57 63 79 83 53 17 89 69
0 100 100 48 44 36 22 99 17 72 0
1 4 52 3 54 55 72 26 72 89 22
0 20 83 1 46 31 21 50 63 32 53
0 96 61 64 52 75 40 19 100 48 62
0 81 37 93 16 5 86 2 86 62 13
1 7 27 91 8 40 1 33 24 9 70
0 78 23 9 34 75 34 22 21 60 69
1 22 40 36 15 69 27 13 32 11 51
0 97 41 44 14 8 42 10 97 47 69
1 64 14 15 79 54 72 59 33 32 66
0 36 50 26 63 56 47 47 99 10 36
1 89 22 28 34 9 47 12 48 14 98
0 67 89 4 16 88 5 70 31 74 30
0 38 48 85 57 68 69 79 99 14 100
0 11 33 2 48 44 40 62 1 50 43
0 2 86 98 67 80 70 84 72 23 89
0 65 76 49 83 90 57 81 37 21 47
0 77 97 3 5 16 26 22 49 30 26
1 5 99 61 84 61 71 92 67 91 36
1 75 38 2 26 97 89 67 80 1 46
0 60 84 1 41 21 57 82 81 95 83
1 60 73 73 54 50 84 46 4 34 16
0 74 2 1 72 52 88 37 79 87 58
1 51 66 42 56 45 36 52 13 8 13
1 48 33 74 62 98 30 55 48 56 25
0 49 54 100 91 97 60 11 46 8 92
1 84 76 62 22 45 45 11 54 100 80
0 95 1 15 19 14 67 92 16 4 98
1 87 14 77 33 83 62 72 39 34 36
0 1 11 41 60 64 47 18 45 31 64
0 10 34 59 42 35 96 68 35 8 35
0 42 82 8 71 46 13 68 46 68 58
0 9 47 40 74 84 26 4 78 31 34
0 45 59 57 91 30 20 3 94 38 57
1 14 8 67 38 26 44 65 68 100 98
1 23 77 51 8 42 80 84 51 65 34
1 4 33 94 64 5 70 63 52 28 75
1 7 13 53 5 16 84 25 75 99 82
1 84 57 82 7 38 62 4 42 78 54
1 75 51 74 64 97 21 94 98 15 80
1 1 86 77 42 6 43 42 19 15 96
1 37 24 15 85 100 78 38 55 34 83
0 58 97 30 80 32 8 45 68 39 55
1 20 14 19 45 91 5 15 6 9 58
1 26 97 25 90 39 46 97 86 16 67
1 96 95 19 50 96 18 5 79 69 47
1 25 23 68 12 42 11 53 83 29 66
0 8 5 12 2 58 34 18 10 42 70
0 26 66 72 58 68 95 84 90 19 26
1 73 79 90 36 80 23 99 6 79 12
0 85 83 97 11 87 82 79 37 30 12
1 83 53 20 25 75 65 61 94 48 72
1 10 86 80 31 69 11 55 83 68 37
0 52 79 15 88 99 4 93 25 35 55
1 72 36 79 61 98 12 94 98 29 58
1 24 32 33 45 87 16 66 76 76 14
1 72 62 69 65 31 37 5 38 19 91
1 28 64 34 35 39 61 90 15 51 100
1 13 72 1 68 35 37 19 82 15 77
1 58 3 64 19 26 48 68 69 39 37
1 37 21 3 15 51 45 12 61 94 39
0 54 65 82 80 7 64 96 48 48 57
1 19 40 54 2 57 100 14 76 50 16
1 16 14 20 48 75 0 97 51 47 60
0 90 64 21 92 56 98 57 14 15 57
1 16 39 87 14 49 30 10 30 94 53
1 15 71 100 11 83 2 59 85 21 63
1 72 26 62 96 90 96 5 7 15 69
1 79 1 96 77 48 26 33 31 77 24
0 63 72 97 5 77 10 70 59 85 34
1 14 8 55 58 92 74 28 71 95 10
1 12 89 11 8 45 96 23 45 100 37
1 17 78 57 7 3 40 37 11 52 47
0 21 2 12 95 87 55 7 26 66 83
0 94 30 80 32 60 35 60 21 37 50
1 77 31 80 62 98 17 51 19 6 50
0 64 45 22 62 14 14 40 88 76 33
1 2 0 34 51 23 73 43 43 65 81
1 34 21 32 93 48 82 10 37 77 75
0 95 8 77 26 35 55 2 40 27 93
1 72 81 31 29 72 48 94 76 44 61
1 24 39 53 62 72 62 34 91 19 63
0 76 49 26 15 79 59 73 29 16 48
0 54 42 60 43 86 37 30 94 5 64
1 49 40 74 38 90 70 93 94 73 79
0 6 7 58 98 27 45 48 73 23 29
1 77 35 28 87 17 45 10 28 18 39
1 84 32 53 38 4 33 5 68 44 88
1 53 89 11 33 21 93 97 0 32 4
0 26 68 80 91 67 43 7 44 34 66
0 49 48 41 8 22 68 37 30 3 4
0 99 88 93 25 35 13 41 86 14 81
1 2 91 73 27 37 7 33 30 9 36
0 13 33 75 65 66 62 44 80 33 5
0 38 59 2 30 17 51 95 31 98 9
0 0 19 60 7 25 23 99 32 74 4
0 24 92 66 84 46 35 38 92 92 73
1 84 12 10 35 68 83 62 92 22 35
0 74 40 47 23 90 43 74 30 76 82
0 52 39 63 95 14 100 9 66 18 88
0 18 72 13 12 71 0 35 82 53 43
0 86 49 97 21 71 34 42 5 84 36
1 59 75 29 23 82 59 3 79 12 84
1 8 37 65 25 37 14 5 93 4 24
0 8 49 87 27 31 35 67 38 26 21
1 83 35 63 67 15 23 65 14 19 81
1 51 25 29 68 35 24 17 92 29 95
1 90 30 25 97 71 12 10 19 55 48
1 53 6 6 30 7 24 52 14 63 45
0 71 67 84 27 27 4 94 85 66 55
1 49 66 98 97 96 43 19 14 69 19
1 16 24 54 3 45 1 43 62 63 5
1 7 20 36 50 85 52 53 55 88 77
1 9 71 32 23 81 50 6 75 83 75
0 40 47 26 42 62 11 59 53 40 65
1 42 19 11 5 27 70 1 65 28 68
1 96 60 89 51 66 47 20 58 69 12
1 34 2 67 37 59 37 78 86 46 11
0 92 97 21 40 2 76 18 31 28 15
1 84 61 88 75 30 35 50 16 49 57
0 25 28 54 20 43 53 8 69 62 53
1 36 0 49 65 97 46 46 60 88 15
1 47 5 40 82 64 82 66 79 99 96
1 96 32 29 27 72 100 53 47 9 9
0 61 29 86 81 44 74 69 77 7 1
1 47 57 62 43 5 40 87 80 63 92
0 66 47 27 52 8 90 44 16 70 98
0 5 22 50 15 36 21 82 76 27 63
0 27 7 96 58 84 49 92 64 48 52
1 21 28 33 64 10 84 12 60 72 27
1 61 0 69 17 1 18 94 55 4 68
1 35 81 90 100 66 35 64 80 9 19
0 34 41 83 12 93 9 27 68 12 58
1 92 14 0 45 4 70 84 85 53 95
0 22 52 80 82 4 35 75 33 43 6
0 74 77 90 44 41 72 18 47 15 31
0 53 20 25 15 52 78 82 38 11 47
1 20 90 67 32 95 16 70 91 62 89
0 50 71 89 38 20 4 12 47 32 40
0 3 2 96 96 33 30 51 36 73 98
0 66 94 46 28 47 73 13 20 31 25
0 67 44 66 76 48 6 77 59 62 59
0 15 98 50 91 38 66 68 38 25 43
1 93 34 97 21 86 84 85 36 32 9
0 7 56 99 46 68 5 73 74 42 87
0 59 53 11 92 7 97 16 21 98 4
1 72 99 72 64 76 56 17 10 28 46
0 84 55 14 26 9 69 54 45 68 23
0 37 3 94 20 59 77 48 99 80 92
0 50 40 1 52 2 14 8 77 74 68
1 5 24 76 99 67 39 100 68 70 27
1 10 85 55 89 29 31 64 42 93 2
1 13 4 62 97 4 4 72 32 70 43
1 70 0 31 63 57 15 58 52 8 63
0 98 89 52 37 81 29 25 60 6 9
0 94 37 11 100 22 39 63 22 11 86
0 60 11 58 42 93 20 69 50 1 43
1 67 1 99 100 77 76 49 86 78 78
1 52 17 32 83 94 13 13 13 49 20
1 33 67 3 33 70 81 11 30 82 20
1 86 86 45 15 15 10 8 100 45 48
0 68 29 43 96 93 29 48 24 91 87
0 92 58 78 23 82 37 43 36 68 62
0 71 82 89 48 29 13 40 33 31 40
1 93 80 29 2 13 11 47 11 30 6
1 80 41 29 83 67 31 64 47 68 83
0 69 52 12 9 37 74 49 94 18 5
1 65 43 47 21 5 42 81 31 63 14
1 15 89 94 32 61 70 48 0 89 65
0 22 15 39 71 77 63 17 82 98 99
0 2 46 65 17 80 6 55 27 8 9
0 93 49 32 52 72 99 43 14 57 87
1 88 30 53 94 75 99 91 34 71 26
0 53 50 53 89 56 20 89 41 58 58
1 1 28 19 93 27 7 10 24 6 13
0 28 36 89 4 16 29 77 98 73 15
1 94 40 38 91 3 48 20 7 19 70
1 51 3 51 21 59 5 71 3 57 52
0 100 15 40 57 80 90 31 75 13 98
0 90 11 35 81 92 88 100 44 33 69
0 66 74 99 12 65 15 25 18 4 50
0 73 41 55 9 21 4 94 43 39 21
1 18 0 58 76 6 90 65 76 18 74
0 65 74 41 49 52 16 22 26 42 98
1 76 25 75 64 35 28 1 76 94 43
1 50 79 8 96 87 14 51 44 15 84
0 34 1 8 36 91 35 12 82 45 98
1 68 16 74 88 5 16 10 27 41 100
1 56 47 3 77 96 77 23 64 92 72
0 1 98 35 77 23 2 63 57 100 17
0 33 99 28 19 39 36 57 21 88 37
1 27 71 79 97 61 15 78 26 54 56
1 34 92 7 27 53 76 87 68 8 29
1 38 28 41 28 7 34 63 10 3 76
1 93 64 22 93 5 75 74 40 36 39
1 73 30 83 85 67 11 18 28 87 22
0 96 38 54 35 100 67 34 31 66 0
0 25 85 47 51 82 56 43 4 57 89
1 74 82 88 9 28 47 0 39 17 8
1 73 77 81 54 9 43 79 54 87 84
1 17 49 93 12 94 61 9 23 63 47
0 41 18 2 35 46 34 4 5 27 95
0 69 5 68 13 0 86 72 43 86 14
1 73 56 23 91 88 60 63 43 17 29
1 87 95 19 58 3 80 2 30 47 22
1 34 17 64 76 81 100 11 57 16 13
1 77 63 89 22 58 59 13 63 20 97
0 58 73 67 19 27 58 77 9 10 32
0 29 66 67 26 57 82 87 9 80 28
1 4 78 85 43 6 84 65 86 6 16
0 81 35 91 60 86 32 80 38 60 68
0 53 74 86 10 92 32 70 82 47 25
1 78 67 67 17 20 33 23 44 97 15
1 62 15 36 20 32 90 17 38 24 36
0 57 20 74 4 44 68 44 8 96 4
1 54 91 54 38 78 3 4 79 28 67
0 91 13 8 60 57 36 36 19 55 65
1 4 40 14 82 12 24 22 19 94 77
1 36 86 62 68 76 70 5 33 90 24
1 95 4 20 39 57 27 52 98 21 40
1 82 79 62 4 44 89 90 44 94 82
1 25 1 85 35 100 27 14 93 66 55
1 40 22 8 65 29 100 73 91 66 89
1 56 1 31 24 87 15 34 65 69 19
1 78 19 17 85 28 56 39 76 88 90
1 36 41 38 75 54 65 55 34 72 45
1 25 61 82 77 79 61 2 6 17 33
0 10 21 58 64 94 31 15 60 79 73
0 94 42 34 89 32 76 52 20 59 99
1 23 46 93 83 25 47 63 23 87 90
1 89 90 32 55 72 11 76 56 54 14
1 83 85 60 20 32 48 100 92 32 91
1 95 74 0 59 72 80 87 93 12 69
0 31 46 79 27 50 7 57 50 27 45
0 57 27 66 11 85 96 68 11 46 93
0 53 18 70 51 68 81 26 61 76 82
0 15 90 46 90 70 45 100 63 49 58
0 7 61 73 65 78 94 66 62 52 70
0 42 20 48 49 87 53 35 27 31 74
1 4 73 41 42 46 51 65 69 100 81
1 39 76 64 33 36 16 46 97 21 64
0 79 77 20 97 30 76 50 62 74 46
1 82 65 100 34 4 88 90 55 46 84
1 60 13 79 8 39 21 70 49 47 96
1 8 23 91 94 50 34 76 76 52 74
0 83 50 26 94 83 64 63 34 34 80
1 58 78 98 12 71 29 67 85 52 45
1 0 32 25 88 81 54 98 71 96 83
1 24 97 10 7 90 23 51 57 17 19
0 24 28 42 32 84 68 57 18 40 16
0 56 86 93 13 89 6 29 48 54 49
1 31 20 21 52 16 94 65 76 94 68
1 45 83 64 11 18 32 42 99 7 50
0 32 34 1 11 96 69 59 73 22 37
0 99 89 65 68 54 17 72 37 29 48
1 63 25 43 66 14 34 41 56 4 6
0 48 32 10 28 81 86 71 79 47 28
0 13 54 77 6 17 41 8 1 45 45
1 46 51 82 99 43 76 85 54 64 43
0 94 0 86 97 60 43 86 22 47 43
1 10 7 63 73 7 11 18 98 56 36
1 88 96 92 76 25 86 0 99 14 72
0 8 59 44 8 10 54 85 16 70 57
1 63 64 29 53 46 51 31 50 4 100
1 70 45 31 65 9 73 48 49 77 98
1 30 29 91 50 0 1 65 41 63 30
1 3 97 25 18 65 37 44 46 7 41
1 16 70 18 71 72 75 7 23 36 85
0 78 0 31 19 3 20 34 78 39 23
1 8 67 52 23 2 5 25 29 57 79
1 9 91 8 38 42 95 65 2 79 84
0 75 96 30 2 40 0 68 62 50 62
1 24 66 29 55 43 17 23 3 79 68
1 19 1 8 25 82 99 11 47 85 76
1 70 28 22 10 70 89 100 86 96 4
0 64 46 4 0 25 1 89 80 24 84
1 70 20 79 73 4 49 16 43 40 74
1 6 66 51 32 52 62 21 54 71 86
1 91 81 56 62 7 69 65 49 59 9
0 32 81 71 66 41 17 55 81 73 51
1 85 25 54 18 3 20 60 53 100 4
0 22 55 51 100 46 23 12 19 36 76
0 11 84 95 17 93 53 84 19 63 26
1 26 34 36 1 97 16 14 8 56 16
0 18 41 9 94 80 14 25 60 58 49
1 72 24 95 76 73 86 84 36 17 34
1 45 99 7 69 88 97 55 97 21 68
0 66 1 92 49 22 44 31 84 77 30
1 0 74 87 33 56 6 47 33 61 35
0 8 31 91 20 4 13 38 23 84 85
0 82 82 98 65 31 36 86 11 42 24
1 12 35 42 91 22 51 49 14 13 48
0 10 65 86 29 93 46 1 68 5 28
0 18 31 51 43 82 85 27 55 53 64
1 31 25 25 10 41 4 18 17 98 100
0 1 6 29 85 68 90 40 21 61 39
1 88 4 74 14 3 99 46 55 66 14
1 17 20 16 43 55 58 97 17 89 55
1 77 90 64 24 61 47 4 53 49 2
1 15 8 16 94 45 100 29 21 96 74
0 74 13 32 69 22 18 93 72 20 74
0 78 37 66 77 9 99 96 30 76 11
1 46 12 24 22 95 93 18 56 52 96
1 19 64 75 92 57 39 79 17 20 65
0 35 100 6 79 14 90 95 38 74 20
1 65 69 81 13 2 24 67 100 44 69
0 39 14 56 65 47 33 60 47 4 87
0 36 11 83 10 98 71 74 37 50 25
0 66 75 91 32 27 26 90 54 100 18
0 10 40 95 42 22 41 93 36 78 96
1 98 88 42 78 73 56 26 76 98 11
0 57 89 78 43 10 73 72 23 84 67
1 31 27 81 97 66 44 25 92 34 46
1 4 36 28 54 86 36 70 73 93 50
1 89 35 91 4 36 28 6 60 32 63
1 79 27 26 88 53 61 72 82 41 39
1 15 76 89 70 24 32 98 88 7 7
1 80 10 49 29 23 27 14 26 58 28
0 91 19 92 91 35 90 41 65 17 44
1 44 64 20 95 74 5 28 99 75 18
0 18 50 64 9 33 14 50 97 52 90
0 57 69 73 46 31 3 64 44 68 82
0 32 54 85 73 75 52 36 18 80 18
0 93 67 70 73 69 84 12 11 79 71
1 87 24 33 17 23 11 80 82 19 46
1 87 86 58 95 23 43 52 26 48 40
0 27 48 94 27 93 41 54 60 91 23
0 79 42 33 76 86 13 62 72 62 72
1 7 91 26 95 33 46 17 3 57 77
1 5 9 93 62 51 49 29 98 61 10
0 56 81 43 76 62 7 60 72 40 18
1 66 86 24 2 77 23 68 96 4 33
0 67 18 97 59 82 90 2 53 54 63
1 4 41 89 94 8 14 88 5 86 5
0 25 29 42 12 70 38 47 57 51 52
1 27 28 14 79 77 40 10 64 47 25
1 47 21 100 71 12 33 76 0 30 67
0 26 19 67 78 26 66 8 58 39 26
0 19 76 48 66 79 98 93 98 43 71
0 29 4 71 44 87 93 69 91 86 76
1 58 22 46 41 32 86 24 67 10 97
0 47 34 10 70 14 38 91 74 44 18
1 7 83 97 54 22 88 2 11 64 69
1 41 64 84 24 60 45 82 90 63 84
0 54 1 83 61 59 32 28 16 50 48
1 60 80 70 42 0 97 35 34 74 65
1 14 20 33 72 23 88 5 84 9 96
0 61 97 50 71 89 55 77 24 41 73
0 77 22 39 51 44 36 63 91 58 29
0 57 27 59 38 31 4 65 70 44 57
1 77 34 48 21 78 3 94 20 14 66
0 20 3 95 25 8 86 87 78 89 9
0 17 25 96 89 15 62 16 77 34 41
1 84 58 49 42 2 98 45 42 62 46
1 21 44 67 9 86 30 17 66 22 25
0 63 27 31 65 23 54 88 38 100 35
0 97 22 75 48 19 66 36 17 86 15
0 54 12 16 36 42 51 20 69 56 46
1 29 43 46 5 27 71 82 45 57 97
0 80 46 7 32 50 5 15 59 93 63
0 66 78 62 20 19 95 40 28 16 10
0 27 36 88 12 46 8 46 67 56 10
0 68 18 86 45 63 4 22 90 39 0
1 11 29 3 95 41 97 38 3 83 78
0 64 19 28 82 71 12 73 57 40 46
1 17 15 24 70 66 56 60 46 48 97
1 2 8 43 54 2 72 10 50 94 25
1 72 1 73 32 86 96 31 86 38 39
1 83 48 27 58 61 51 34 17 69 84
1 49 77 36 95 61 99 3 49 51 85
1 10 12 51 31 1 8 56 92 70 43
1 54 77 67 33 23 11 31 68 46 64
0 9 12 52 8 31 33 82 37 3 70
0 23 65 22 32 46 43 78 26 56 96
1 13 58 27 52 10 77 42 36 78 74
0 23 38 30 7 20 35 25 27 89 52
0 70 98 13 82 68 86 4 7 95 99
0 54 28 9 85 14 44 52 0 66 23
0 87 21 57 36 46 3 50 36 40 62
1 78 75 0 57 30 36 12 4 39 35
0 54 63 3 23 91 33 62 58 33 76
1 55 62 49 91 37 60 70 73 21 73
1 50 22 48 5 11 67 95 14 100 94
0 81 70 99 91 48 79 53 33 10 14
1 79 79 30 57 51 59 93 44 43 0
1 24 51 35 16 71 25 89 89 1 42
1 54 65 25 73 90 46 7 65 95 81
0 12 24 67 11 79 95 92 10 62 19
1 29 9 4 23 57 76 19 52 84 47
1 75 84 42 24 68 79 3 53 57 86
0 91 100 17 85 72 67 30 12 94 25
1 12 53 75 88 37 7 41 53 85 0
1 34 41 62 98 31 60 57 57 83 62
0 13 33 9 47 42 1 10 65 93 42
0 45 35 51 39 62 33 31 1 93 71
0 13 58 49 96 48 41 41 70 73 98
1 64 7 77 70 96 34 2 83 28 39
1 38 94 31 45 13 15 50 48 40 45
1 88 64 76 95 93 30 99 89 45 43
1 68 2 83 5 25 16 17 14 35 43
0 9 68 27 6 58 35 17 57 0 26
1 46 33 69 50 86 78 23 100 74 32
1 10 85 39 75 27 87 4 1 50 64
1 75 53 76 27 51 15 19 67 21 97
0 14 90 18 61 5 15 4 68 85 56
1 47 1 50 0 3 23 48 66 38 1
1 36 63 59 10 65 15 37 94 95 1
0 83 55 67 24 27 40 97 65 71 82
1 94 62 98 77 21 82 81 92 86 47
0 88 64 27 17 10 98 90 53 46 21
0 2 43 57 28 15 2 91 95 20 23
0 66 77 68 54 8 76 58 6 53 57
1 46 96 65 37 16 93 57 62 45 3
0 15 67 2 97 80 96 16 26 30 28
0 75 43 99 66 92 2 76 75 46 94
0 2 16 92 91 69 13 46 69 4 29
1 77 35 86 70 90 20 53 81 75 3
1 26 34 78 28 25 100 81 53 46 78
0 79 9 45 96 100 26 21 96 53 50
1 74 59 89 21 14 59 87 20 95 55
0 22 26 23 93 12 67 94 42 9 20
0 4 100 80 1 83 68 39 79 56 39
0 78 81 40 53 36 70 98 15 60 25
0 89 100 72 30 97 70 64 11 13 74
1 18 85 85 87 93 24 99 99 60 2
1 59 40 74 3 84 47 97 96 17 12
0 66 10 52 83 17 15 56 97 93 52
1 7 50 0 72 62 29 22 57 45 45
0 33 43 35 67 28 36 2 25 83 60
1 22 94 43 9 66 63 30 94 41 44
0 71 69 78 13 50 93 18 28 14 87
1 15 19 64 91 59 30 52 85 55 19
0 13 61 18 58 88 68 37 100 97 95
1 36 60 76 79 79 53 3 19 52 47
0 52 71 32 70 39 16 82 97 39 26
1 55 44 26 72 20 15 86 1 5 100
1 79 12 46 81 28 69 63 72 44 74
1 83 69 63 50 12 100 28 56 86 29
1 14 5 47 47 39 91 24 6 85 7
0 61 100 74 97 83 98 77 41 78 84
1 87 24 81 45 56 61 82 35 14 6
1 76 54 97 60 44 53 71 2 21 48
1 22 21 91 1 77 41 17 6 20 68
0 29 49 7 97 51 67 37 3 66 75
0 16 57 61 33 33 65 28 63 31 63
0 23 81 71 64 73 0 31 98 73 15
1 41 25 90 46 49 18 81 10 77 54
0 78 6 89 33 37 85 48 91 52 2
1 37 2 59 66 17 22 95 61 21 17
1 68 88 19 78 16 59 15 8 50 20
0 67 28 20 45 39 79 34 34 57 65
1 51 63 67 56 8 61 3 35 56 77
1 5 35 60 0 23 0 17 44 27 11
0 96 16 51 44 0 27 16 82 91 96
0 3 50 1 40 22 71 35 99 88 18
1 72 72 52 98 72 47 54 60 64 83
1 73 18 95 84 97 40 22 74 77 76
0 39 52 50 16 18 52 50 49 11 60
1 78 14 73 50 13 15 1 61 71 59
1 48 20 79 14 67 56 66 22 54 34
0 22 78 86 9 9 21 15 69 0 68
1 72 49 34 87 98 40 33 78 40 53
0 87 70 52 5 51 3 88 98 73 31
1 89 9 39 8 29 67 15 64 81 7
0 100 98 3 3 69 73 45 79 10 80
0 63 89 52 100 9 40 33 36 2 18
0 41 69 43 17 42 57 10 66 74 95
1 55 37 81 46 76 75 14 99 25 76
1 86 47 96 18 38 58 86 90 12 17
1 5 67 42 64 82 0 98 53 86 13
0 35 47 35 36 74 30 32 22 8 76
1 48 68 70 50 58 59 42 34 44 94
0 100 13 36 62 82 68 25 17 38 60
0 69 42 78 79 1 52 8 24 32 48
0 7 80 85 14 1 87 33 90 91 97
1 88 35 86 48 93 47 5 68 70 77
0 56 57 91 49 87 98 66 7 90 1
1 9 42 78 3 48 88 25 32 67 24
0 23 70 68 50 71 50 50 82 40 42
1 52 55 68 82 13 26 59 99 18 81
1 48 44 18 34 69 26 39 100 8 14
0 34 36 82 84 44 63 21 56 88 7
0 92 33 56 59 75 55 17 98 5 80
1 53 77 64 48 91 52 24 49 70 97
0 97 45 68 70 24 60 73 46 100 89
1 81 39 7 73 74 84 75 20 39 49
0 42 38 32 63 16 2 25 35 92 44
1 69 42 96 92 25 83 34 49 81 68
0 50 93 87 63 41 15 62 60 89 59
0 71 46 49 35 90 66 52 75 52 27
1 55 21 9 48 58 85 71 74 66 12
0 65 28 20 55 9 36 56 76 86 30
0 71 28 28 62 7 86 8 86 26 72
1 56 93 68 78 39 65 56 25 27 17
1 26 25 61 85 12 99 23 28 88 94
1 15 57 29 70 80 83 26 69 83 5
0 68 72 23 54 46 63 30 1 12 100
1 89 15 83 99 23 30 96 2 95 91
0 33 81 67 14 62 55 66 53 55 67
0 57 85 30 16 43 29 85 38 91 20
0 62 27 2 81 85 4 7 33 87 52
1 40 33 72 37 83 26 12 4 78 59
1 66 72 0 68 77 64 30 47 29 90
1 45 73 66 29 43 51 13 16 91 50
0 90 54 15 47 72 23 9 99 76 71
1 74 81 7 64 14 66 22 80 34 21
1 16 96 72 47 77 7 16 7 20 50
1 14 35 96 93 86 68 9 40 79 64
1 38 20 12 58 17 49 64 75 57 16
0 17 77 37 59 52 36 67 49 4 92
0 10 100 100 3 69 0 94 91 100 69
1 54 72 25 16 96 91 66 22 35 86
1 63 43 72 70 86 5 87 54 79 76
1 40 79 65 22 56 69 44 60 90 51
0 24 65 45 78 23 47 1 26 12 32
0 1 95 70 18 64 25 87 10 86 39
1 95 8 10 8 14 52 80 70 46 7
0 86 96 12 94 1 74 42 27 45 26
0 3 37 83 39 100 2 15 99 7 52
0 22 74 53 30 63 75 26 7 20 3
1 45 12 19 46 10 77 78 79 65 20
0 45 26 45 66 18 3 71 5 83 25
1 59 88 41 94 14 36 23 60 92 72
1 27 92 7 30 59 82 20 53 42 56
1 16 78 67 85 57 50 77 3 70 69
1 3 23 41 31 34 52 75 79 81 93
1 31 5 81 42 41 97 38 8 55 99
1 9 79 92 61 21 99 43 10 63 25
0 6 40 70 83 53 89 74 0 30 55
1 58 89 39 89 86 55 38 81 52 83
1 85 40 99 50 21 35 17 25 93 10
1 94 40 4 58 53 51 85 4 51 81
0 44 28 96 19 54 9 78 52 92 63
0 64 8 94 67 24 86 40 20 29 38
1 8 63 87 99 10 37 87 71 82 38
0 42 20 39 25 84 97 65 10 38 40
1 77 27 25 27 50 41 75 100 19 35
0 77 0 13 86 89 69 87 47 78 51
1 79 16 68 22 84 24 0 86 16 42
0 55 97 12 80 87 92 100 40 98 53
0 2 60 97 24 58 51 19 19 87 52
0 6 64 89 11 7 84 0 91 17 77
1 46 31 66 69 51 93 49 19 86 92
1 36 81 48 8 64 100 93 74 16 83
0 54 54 43 12 78 1 19 59 76 18
0 55 86 39 100 29 5 60 70 92 5
0 43 93 84 55 6 20 100 42 31 77
1 42 57 42 11 45 30 65 87 17 15
1 6 71 43 54 49 33 38 60 41 70
1 45 94 74 48 32 31 43 55 83 15
0 26 87 22 2 82 56 78 7 22 60
0 52 14 73 36 30 86 61 94 28 43
1 75 50 7 59 78 59 39 76 13 48
1 13 72 45 87 21 90 85 94 88 49
1 7 63 15 17 63 78 19 15 58 30
0 98 57 7 62 19 29 24 85 14 71
1 89 68 17 83 67 5 72 29 33 89
1 31 16 58 96 88 34 45 25 53 63
1 82 2 24 48 46 20 96 86 36 41
0 14 76 59 81 86 90 76 14 15 50
0 71 51 0 85 18 0 93 67 22 16
0 39 38 12 13 9 73 21 17 25 49
1 22 33 77 43 49 63 40 22 18 54
1 41 91 61 43 19 19 99 1 22 94
1 78 63 37 67 24 49 33 78 52 95
0 81 32 99 6 66 27 12 72 62 48
1 61 22 93 97 77 95 40 86 6 4
0 95 1 9 9 80 72 38 26 2 8
1 14 20 16 83 56 86 96 65 80 53
1 22 67 61 63 68 43 31 61 22 21
1 98 35 2 64 54 61 55 44 66 83
0 13 24 80 44 83 55 11 10 11 62
0 71 84 39 72 31 74 99 67 25 39
0 42 32 5 67 33 1 66 18 82 74
1 98 46 26 39 90 16 33 59 9 24
1 4 81 40 3 99 31 52 14 6 63
1 95 46 2 44 71 18 69 20 70 28
1 52 10 16 20 24 84 57 25 68 47
0 39 90 6 76 91 36 7 23 92 43
0 24 63 70 63 6 30 27 39 58 75
1 75 81 84 42 12 69 30 83 55 62
0 8 10 48 21 99 53 56 94 91 61
0 63 50 43 91 87 31 31 20 70 41
0 13 38 84 92 8 89 73 20 80 53
0 50 13 21 93 91 8 34 50 48 36
1 99 38 86 6 66 23 91 95 44 52
0 97 69 10 84 78 78 93 25 64 28
0 73 96 1 61 63 54 20 3 62 21
0 100 97 93 11 38 91 29 89 74 72
1 24 49 86 26 20 82 18 56 81 68
0 9 38 44 98 6 74 98 12 60 24
0 10 78 85 55 89 74 78 100 24 60
0 50 83 97 61 8 71 41 35 78 6
1 54 92 72 60 80 42 78 30 0 97
0 59 54 26 15 83 74 72 86 80 13
1 68 58 0 58 49 48 72 98 59 76
0 2 86 24 26 10 87 4 65 72 31
1 39 14 68 67 36 11 69 58 49 38
1 66 14 27 37 80 5 40 65 54 22
0 70 18 2 22 83 68 74 91 45 40
0 37 52 90 52 13 56 42 76 53 27
0 52 53 68 32 14 97 65 53 69 36
0 19 48 1 3 99 5 40 76 8 11
1 90 23 40 51 100 92 82 20 50 62
0 48 48 72 84 25 48 83 41 8 29
0 32 96 86 45 24 43 28 19 51 27
0 7 44 61 13 57 39 95 82 21 63
0 9 21 34 19 57 80 58 56 48 41
0 48 67 36 71 53 58 0 13 88 68
1 63 85 69 70 100 33 29 18 79 68
0 43 53 64 41 27 66 22 17 16 14
0 72 32 28 78 7 58 24 5 61 48
1 100 82 28 87 41 55 15 41 9 82
0 11 2 87 74 10 25 3 18 88 0
0 86 10 92 9 84 15 86 30 31 23
1 75 54 86 1 81 52 17 18 1 81
1 2 59 53 80 15 40 25 26 82 47
1 1 9 52 37 17 33 99 38 47 79
0 44 46 29 92 81 100 31 75 53 3
1 84 8 31 84 54 59 73 47 35 62
0 40 54 83 83 5 7 94 5 78 0
1 49 16 34 36 63 90 53 38 48 74
1 4 23 87 89 34 29 59 18 66 50
1 55 61 43 73 95 32 27 84 84 86
0 76 60 2 33 24 19 42 87 36 98
0 25 70 57 40 12 83 42 44 81 77
0 87 28 24 3 65 6 95 31 67 89
1 7 50 15 67 64 86 27 58 21 5
1 88 61 45 90 96 5 53 20 97 92
1 29 12 33 53 51 64 20 60 47 44
0 11 60 10 77 59 53 75 25 45 79
1 74 62 28 97 72 32 5 2 66 31
0 78 60 23 89 90 0 32 56 45 38
1 7 3 70 41 13 15 39 59 23 37
0 63 100 76 85 45 74 50 97 5 80
0 59 69 17 4 37 64 87 23 70 72
0 57 63 20 55 67 28 28 79 100 68
1 70 97 35 63 0 70 14 8 62 23
0 9 44 21 57 77 68 76 62 92 87
1 45 14 20 59 80 33 79 2 88 16
0 60 40 41 95 93 24 56 56 39 68
1 43 94 1 34 37 15 55 90 32 59
1 6 56 77 68 49 67 17 2 79 25
1 79 60 78 67 84 54 12 97 20 50
1 30 20 53 21 25 97 93 81 7 55
1 13 15 27 25 31 90 56 21 0 15
1 69 42 62 36 78 9 56 87 19 22
0 94 42 94 85 83 68 44 8 38 80
0 38 84 88 51 42 1 45 39 39 44
1 63 56 65 60 92 0 89 3 21 41
1 93 8 19 11 35 65 100 66 72 22
1 95 80 84 86 11 83 68 87 83 7
1 83 86 30 30 85 52 89 66 97 63
1 66 73 61 73 17 74 59 1 37 35
1 92 32 94 82 5 71 10 49 11 57
1 31 64 31 57 92 62 67 67 32 58
1 21 16 85 69 94 36 41 66 69 29
0 11 55 49 46 28 78 48 5 55 44
1 1 13 58 70 13 1 90 38 63 15
1 95 87 44 30 17 29 58 92 58 66
1 21 63 0 14 12 35 74 41 3 83
1 29 42 90 5 72 62 16 53 75 74
0 41 38 49 17 62 10 63 12 53 41
1 35 94 40 13 32 1 4 41 94 44
1 50 25 37 8 14 19 64 25 39 18
0 58 90 55 14 2 27 54 79 61 89
0 17 6 56 37 98 57 59 98 23 79
1 24 71 89 31 46 9 93 39 98 37
0 71 98 75 9 61 73 94 50 97 49
0 58 10 41 45 46 51 82 14 20 86
1 12 90 68 49 55 66 36 13 66 16
1 88 27 43 60 25 50 49 80 72 73
1 9 22 28 22 31 39 78 42 92 25
0 33 92 23 31 77 71 41 69 21 48
1 24 24 52 11 82 47 12 65 83 86
1 90 30 39 69 1 71 76 65 57 16
1 36 68 57 54 22 91 40 91 94 36
0 43 20 60 45 30 53 29 34 63 5
1 24 96 55 54 63 67 85 69 47 4
0 96 27 92 20 100 77 74 28 47 59
0 56 67 57 82 45 79 94 93 75 91
0 22 14 77 28 78 95 23 31 28 6
0 32 76 59 56 10 25 74 31 70 21
1 39 94 68 38 14 27 91 81 92 55
1 91 22 51 24 100 1 41 12 87 64
0 22 69 81 76 91 96 84 13 25 73
0 48 77 87 80 73 50 25 14 46 87
0 81 29 33 51 70 10 69 25 11 49
1 43 97 41 30 25 54 24 63 64 19
0 16 9 86 44 64 98 2 46 7 33
1 59 65 34 85 99 40 24 34 38 46
1 20 63 33 68 88 1 52 62 22 72
1 98 61 39 1 14 90 40 66 65 53
0 6 95 10 24 72 89 80 49 66 57
0 1 11 53 97 12 84 37 13 85 3
0 93 25 13 72 73 19 69 65 51 22
0 14 11 66 35 60 36 12 8 68 21
0 29 26 99 38 26 7 9 45 69 52
1 37 81 91 64 34 4 10 29 18 82
1 50 42 70 49 64 8 98 13 19 19
1 53 59 16 56 4 61 12 27 95 86
0 100 43 91 70 98 66 99 58 54 9
0 69 1 24 77 92 18 17 78 2 33
0 3 100 2 50 90 4 14 9 69 100
0 23 91 97 78 82 51 74 56 44 72
0 16 59 76 73 93 13 31 71 80 97
1 54 32 14 34 8 96 50 80 8 70
0 21 82 90 39 2 19 80 54 77 82
1 55 83 47 97 54 73 90 13 71 43
0 94 36 28 82 13 10 5 90 26 86
0 91 94 27 8 52 39 15 82 50 57
0 28 2 5 24 61 17 28 56 81 3
1 66 18 100 23 49 81 68 95 30 17
1 83 79 49 71 93 45 68 69 45 52
0 4 80 95 36 46 6 94 13 68 85
1 81 72 24 20 27 58 63 89 7 35
1 38 71 44 64 47 10 48 22 8 71
0 70 53 7 30 31 69 86 77 84 52
1 55 82 100 1 70 84 55 1 71 90
0 56 36 10 60 77 66 43 19 51 75
0 19 47 88 71 26 42 23 31 95 12
1 31 58 63 2 79 13 42 11 72 68
1 24 89 44 21 94 62 71 19 67 41
1 78 59 47 13 39 6 41 8 81 88
0 61 29 7 9 79 20 61 8 53 37
0 57 87 84 3 44 92 58 91 69 1
0 40 19 98 82 90 66 36 43 64 5
1 60 59 19 91 82 41 35 64 46 53
0 69 46 86 35 52 45 91 15 63 47
0 40 78 7 85 0 92 30 97 25 42
1 45 6 59 86 16 17 52 68 29 63
1 73 76 76 97 46 59 74 81 67 92
1 4 9 26 66 58 75 17 70 2 0
1 70 97 56 23 37 90 59 5 29 83
0 54 83 86 68 42 61 44 65 82 99
0 92 98 81 91 76 2 81 57 78 99
0 29 75 98 88 52 15 81 84 16 69
1 46 30 81 25 72 23 29 8 57 33
1 20 20 41 65 6 67 9 41 77 37
0 79 29 34 95 27 17 43 77 0 71
1 9 22 27 21 40 50 47 74 9 75
0 54 23 16 28 24 71 82 24 74 53
1 0 78 42 49 0 72 35 90 40 69
0 73 68 48 40 85 3 69 11 1 38
1 59 14 0 45 13 33 79 31 95 83
1 97 91 86 70 31 99 68 60 94 50
1 19 80 79 64 50 76 76 26 83 91
0 13 17 35 21 13 61 48 0 26 43
1 50 62 94 9 19 72 40 84 48 26
0 5 9 42 35 84 59 7 68 17 13
1 38 68 27 83 100 15 56 44 98 23
1 89 2 46 12 65 23 77 95 84 62
0 55 89 62 45 9 33 88 88 79 14
0 86 91 16 2 100 21 66 43 42 48
0 7 23 49 57 88 77 14 13 70 48
0 86 43 85 53 18 53 74 57 77 72
1 37 96 64 92 74 74 81 85 46 54
1 79 55 1 96 73 41 84 64 64 98
0 27 56 16 24 93 40 73 71 40 31
1 65 23 60 21 42 94 35 3 0 1
1 88 11 65 5 33 6 5 34 51 96
0 3 97 26 32 90 16 54 56 59 11
0 70 40 1 12 34 7 34 86 77 0
1 44 100 46 22 14 77 96 98 39 24
1 15 2 79 44 23 11 21 41 74 48
1 73 74 41 67 1 35 66 20 49 73
1 82 3 37 72 33 23 84 20 46 54
1 93 85 92 13 52 49 52 46 55 58
0 2 3 88 61 72 82 4 93 59 5
0 58 98 52 42 72 13 77 32 12 27
1 65 24 54 10 67 15 93 30 95 90
1 99 44 23 89 34 25 12 78 39 32
1 17 86 53 55 77 39 72 64 74 55
1 3 46 46 11 6 7 66 22 86 41
1 11 80 29 49 100 42 98 0 64 61
0 31 72 78 12 91 54 92 17 40 86
0 83 90 97 93 19 52 37 93 21 27
1 26 5 19 41 47 32 100 67 5 2
1 50 5 57 39 17 58 70 89 58 80
1 40 100 89 38 23 74 74 11 57 32
0 10 40 47 48 40 86 72 49 94 63
1 43 67 52 82 48 17 94 49 24 72
0 71 46 33 20 4 34 21 81 18 55
1 14 66 71 62 3 41 28 60 45 72
1 91 15 2 36 22 60 57 67 36 32
0 45 80 2 33 68 15 4 20 22 88
1 20 6 88 71 37 25 91 37 15 32
0 9 68 93 40 73 34 92 32 79 80
1 2 86 48 9 48 75 34 60 49 19
0 41 75 29 82 23 36 73 90 51 64
0 31 19 17 15 62 93 5 69 15 86
0 66 93 15 11 50 86 73 53 12 74
0 73 69 8 81 1 26 67 97 84 62
0 79 39 84 84 81 9 49 29 68 67
0 16 15 83 21 33 32 46 96 87 6
1 86 6 80 50 61 94 56 68 92 37
1 44 39 45 19 50 10 74 13 93 17
1 5 72 25 15 46 74 85 83 75 85
1 41 81 18 50 22 33 55 52 32 82
0 54 18 10 86 22 54 16 49 97 45
0 64 48 36 95 17 85 99 90 41 95
0 18 90 63 22 13 6 29 2 41 40
1 66 83 27 75 75 97 97 99 29 91
0 75 95 24 91 60 33 13 37 36 23
1 75 13 67 88 49 22 39 1 28 17
1 28 27 90 55 20 62 52 71 68 5
1 5 88 10 95 74 56 87 80 80 42
0 2 95 56 97 63 98 27 79 67 13
1 93 43 29 2 95 11 61 99 23 70
1 86 13 84 17 2 8 98 68 60 93
1 66 23 78 83 79 87 55 50 37 36
0 24 25 93 99 25 83 79 54 17 53
1 82 24 80 93 18 0 9 65 94 55
0 16 20 2 80 77 69 32 84 11 24
1 93 74 15 4 57 86 76 10 44 55
1 70 42 27 7 38 74 2 98 41 2
1 91 51 51 100 1 82 25 86 61 97
0 60 61 72 56 91 19 5 60 72 13
0 55 46 0 88 80 12 66 3 36 39
0 94 99 68 27 92 13 96 83 71 64
0 48 27 46 55 97 83 61 44 37 19
0 92 74 92 20 68 48 80 25 80 40
0 88 50 78 62 70 85 63 47 87 1
1 97 14 42 43 94 60 75 32 35 72
1 71 75 34 16 59 16 59 91 84 76
0 36 1 20 16 57 8 80 9 33 67
1 77 89 34 21 72 29 8 0 40 59
0 42 88 12 67 61 39 84 47 75 52
1 95 45 32 79 42 8 71 67 9 67
1 11 18 1 86 93 76 53 77 17 77
0 34 9 22 64 22 98 78 3 80 69
1 17 36 6 62 3 25 46 60 63 96
1 80 68 14 96 48 33 16 10 2 28
1 64 69 61 23 81 56 27 58 65 9
1 17 43 94 41 35 60 97 95 7 44
0 11 16 85 16 59 79 30 36 18 82
0 95 45 30 45 68 44 22 60 83 57
0 12 91 2 72 68 14 25 20 78 51
0 77 68 33 47 67 89 95 40 81 46
0 18 60 40 44 17 68 3 47 99 100
0 43 82 47 37 51 91 34 27 33 37
0 31 26 94 19 62 99 85 65 71 40
0 36 17 0 66 19 46 95 64 42 49
1 86 71 18 20 46 64 41 4 23 48
0 4 53 87 93 36 37 50 55 3 32
0 66 72 30 57 81 75 15 84 96 78
1 19 85 100 24 14 8 74 52 15 24
1 100 33 92 86 16 27 18 22 58 22
0 25 69 22 93 10 24 19 9 50 59
1 55 36 7 20 77 95 95 41 73 35
0 83 25 90 100 87 21 24 68 69 44
0 67 39 48 79 69 10 100 72 37 44
0 64 93 78 70 86 63 10 76 9 34
1 19 33 64 24 89 83 51 12 36 2
0 77 59 59 39 25 17 64 16 32 19
1 21 35 34 78 100 20 2 42 53 33
1 63 12 13 75 49 36 53 47 14 82
0 10 4 100 59 59 33 91 38 92 64
1 86 76 45 31 37 96 63 50 91 76
1 32 7 100 26 88 29 87 25 61 27
0 16 41 0 36 71 55 82 32 39 39
0 55 51 11 12 5 13 43 42 1 67
1 32 35 51 80 10 65 42 25 14 19
0 6 2 57 5 87 20 96 34 46 4
0 68 27 37 27 41 74 36 2 9 18
0 85 7 50 12 92 63 41 9 52 57
1 20 92 59 54 79 80 83 25 22 21
1 38 81 45 40 55 71 55 76 100 91
1 83 45 45 66 91 73 74 74 47 96
0 19 19 68 24 9 42 93 17 22 45
1 12 28 3 23 22 60 12 24 13 51
0 21 66 29 3 38 92 88 30 69 81
1 77 70 49 95 59 45 25 41 99 78
1 88 13 50 66 10 64 19 77 15 100
1 21 92 21 5 72 55 71 89 76 2
0 94 31 34 83 54 82 82 77 96 83
1 97 80 45 36 56 32 37 75 4 59
1 52 89 74 25 83 34 65 27 14 95
0 9 14 46 41 7 46 35 85 13 20
0 83 89 37 21 36 13 52 77 89 59
0 42 19 63 97 35 1 12 84 98 13
0 12 52 43 17 8 67 85 52 49 78
1 46 46 17 87 98 7 91 29 75 72
0 80 53 15 54 63 67 41 61 32 32
0 100 87 31 63 97 92 31 58 9 93
0 31 21 63 64 42 72 90 30 17 3
1 78 81 21 99 72 31 17 66 41 91
1 56 70 76 11 69 93 27 0 54 4
0 11 17 34 52 83 82 96 44 66 60
0 87 85 66 18 72 91 57 44 39 43
0 65 29 61 36 75 14 83 50 17 83
1 89 12 18 71 14 51 36 13 98 20
1 46 57 46 8 59 28 9 63 95 6
0 18 39 13 84 88 44 74 6 49 46
0 5 59 50 95 91 56 18 25 29 60
1 25 88 59 16 99 41 54 9 5 47
1 22 87 20 41 52 10 42 38 16 93
1 43 48 93 79 100 77 73 89 78 23
1 80 93 8 95 32 22 45 30 92 62
0 77 0 79 51 56 21 5 57 91 12
1 18 39 94 95 88 98 18 4 42 50
1 57 60 35 82 32 75 71 30 90 94
0 91 88 54 76 72 73 69 76 59 85
1 24 31 39 38 60 30 100 94 57 91
1 0 10 45 21 33 34 88 100 64 28
0 20 74 13 52 63 5 40 62 25 49
1 24 14 16 92 75 14 62 77 75 47
0 49 39 32 12 58 61 20 69 5 87
0 35 95 74 44 24 53 32 71 100 32
1 53 46 47 50 97 83 71 32 10 100
1 32 83 66 2 97 36 50 76 8 87
0 26 51 93 13 93 29 86 55 75 37
1 40 4 26 35 63 4 19 66 12 68
1 12 79 28 13 52 88 21 95 58 66
1 97 15 71 8 89 15 80 59 31 89
1 95 35 75 65 22 27 21 93 31 60
1 34 99 93 61 12 5 77 11 34 1
1 51 3 84 55 26 49 90 57 17 95
1 76 50 91 1 79 43 79 1 53 79
0 68 36 41 96 76 88 27 73 20 21
0 42 31 0 11 68 11 32 63 4 59
1 69 60 10 86 73 60 71 51 2 43
0 1 85 65 95 19 11 80 38 7 97
1 13 77 69 87 54 4 64 35 72 3
0 66 87 41 75 52 71 62 89 24 44
0 37 13 38 89 25 11 20 41 4 93
0 99 71 30 9 64 19 94 60 4 43
1 61 13 26 79 64 85 77 91 98 30
1 88 50 86 11 6 47 99 11 54 67
0 51 30 61 7 63 6 18 36 94 39
0 72 24 57 55 84 15 94 78 3 100
0 17 37 57 5 25 80 49 3 48 39
0 81 85 2 86 36 48 98 80 85 14
1 60 23 95 58 68 41 58 84 88 46
1 14 11 24 52 24 35 86 68 6 78
1 40 48 42 57 51 35 89 55 37 95
0 12 39 18 20 39 60 88 61 49 41
1 75 51 34 66 48 88 91 0 26 29
1 2 29 76 28 29 57 81 77 46 79
0 73 100 26 17 21 28 35 44 50 77
0 73 8 73 42 38 9 73 25 6 89
1 74 41 31 83 72 92 50 7 15 80
1 56 16 77 40 1 33 100 97 9 39
1 27 74 95 46 15 32 48 79 47 79
1 46 84 87 49 59 70 43 45 73 59
0 92 23 93 19 1 79 67 85 88 100
0 69 30 49 2 16 88 90 94 36 31
1 31 36 62 99 52 60 66 55 93 45
1 99 76 49 78 26 73 80 56 51 22
0 22 15 11 56 3 58 36 37 95 23
1 60 68 45 53 20 0 0 50 93 67
1 81 84 89 10 93 3 3 45 51 100
1 81 60 27 22 65 26 70 83 96 59
1 77 44 68 30 21 1 9 26 30 78
1 1 80 90 94 77 70 80 29 86 95
0 53 26 4 72 41 100 41 3 32 0
1 83 76 33 44 92 47 99 86 70 35
1 23 39 58 90 44 41 75 96 73 14
0 88 32 81 88 65 38 83 58 19 46
1 69 4 80 59 57 86 18 95 39 14
0 27 19 90 87 89 55 1 6 57 23
1 10 57 82 63 39 61 62 26 45 84
1 22 74 39 24 91 67 42 33 14 67
0 65 64 53 84 29 100 6 30 9 45
0 3 58 2 34 4 79 68 97 54 44
0 97 100 83 78 74 8 56 97 12 87
0 81 46 43 94 34 18 88 17 71 60
1 40 96 64 45 69 29 47 43 72 52
0 16 70 20 8 46 55 37 88 100 54
0 2 45 79 16 45 83 18 59 50 67
0 4 74 2 49 31 56 23 96 81 2
1 49 59 5 10 22 72 40 58 38 100
0 77 50 98 81 17 79 48 10 48 19
0 44 35 86 1 85 39 75 56 32 72
1 7 80 35 84 16 45 63 2 76 89
0 98 5 47 24 11 93 25 44 11 32
0 31 45 0 54 19 53 97 77 53 81
1 53 7 73 14 67 15 83 42 44 54
1 81 38 32 32 14 9 2 79 6 70
0 85 27 72 60 2 84 1 0 11 1
0 28 80 5 61 61 87 64 5 20 41
0 60 45 95 43 43 91 2 47 10 65
1 11 68 29 33 79 46 9 92 15 62
0 57 45 85 48 40 67 11 28 57 51
0 5 31 44 70 54 73 16 54 52 99
0 98 68 65 9 36 44 59 3 94 93
0 86 37 56 67 52 35 90 4 26 57
1 37 67 37 35 96 37 13 63 83 33
0 16 49 21 92 19 48 52 53 19 77
1 83 24 97 22 71 29 20 1 4 7
0 80 82 71 56 39 43 33 92 79 99
1 38 25 25 83 68 80 9 47 56 68
1 53 69 60 56 43 70 84 49 40 20
0 72 91 9 43 36 52 91 43 91 42
0 59 39 22 97 76 69 72 7 96 34
1 33 48 32 99 18 22 100 91 89 95
1 53 92 89 34 3 59 83 29 99 45
0 99 41 33 52 78 84 49 29 100 17
0 30 60 21 1 45 79 0 100 91 95
0 16 17 13 27 32 94 18 73 4 86
1 83 84 25 70 89 81 24 53 67 26
0 46 80 40 91 54 59 94 69 15 7
1 95 8 67 25 14 35 65 1 79 51
1 59 40 48 87 7 66 84 41 33 21
0 88 61 7 94 30 86 56 85 31 21
0 24 85 87 20 47 12 40 79 34 99
1 29 8 1 36 40 10 0 45 85 63
0 36 100 24 28 33 69 43 39 12 40
1 68 94 90 42 40 76 77 76 93 17
1 55 94 11 40 80 61 100 16 26 82
1 37 48 1 30 54 21 6 22 89 64
1 16 33 73 1 20 4 100 8 2 80
1 77 63 79 5 79 14 96 16 48 91
0 38 91 33 4 23 5 38 85 60 49
1 36 48 68 46 90 44 29 55 32 68
0 63 5 14 71 12 5 77 23 51 21
0 61 73 89 94 94 14 5 88 65 40
0 75 85 40 14 47 60 99 55 29 58
0 53 12 81 97 3 68 80 15 33 34
0 25 74 24 91 48 76 51 66 99 29
0 50 71 58 34 35 85 51 67 11 28
1 96 75 40 96 27 21 73 86 65 59
0 38 49 60 75 3 13 40 60 96 33
1 64 62 65 25 91 99 15 84 92 76
1 86 5 57 42 74 11 43 51 15 60
1 60 79 47 87 34 71 86 78 98 32
1 24 10 6 30 9 53 36 47 58 100
0 96 54 100 50 36 65 48 13 28 17
0 52 66 98 24 60 65 85 13 50 21
1 70 47 78 8 22 65 34 66 9 51
1 84 38 49 94 87 59 38 96 100 86
0 100 62 87 81 77 53 60 100 36 80
0 18 10 74 61 51 38 73 16 23 66
1 18 79 55 30 75 86 41 46 38 74
0 48 63 40 35 75 23 43 81 22 30
1 77 96 84 95 19 52 57 98 29 72
1 13 29 17 84 77 86 30 42 10 19
1 15 73 61 80 95 59 28 94 15 36
0 2 43 62 15 16 54 88 3 69 58
1 49 29 48 85 27 44 87 94 31 49
1 98 60 87 76 95 68 8 27 95 6
1 10 76 30 8 43 24 15 43 23 16
1 74 15 50 38 86 41 35 94 64 0
0 99 58 22 71 84 43 20 30 85 17
1 61 59 0 61 35 47 89 33 2 35
0 38 65 10 96 67 27 92 97 33 83
1 27 40 66 45 73 31 48 6 94 34
0 68 45 12 48 3 95 3 37 28 83
0 36 62 42 94 99 59 31 92 75 54
1 93 27 76 3 20 92 16 56 67 52
0 67 97 65 94 81 0 55 86 3 84
1 48 8 11 61 76 54 53 88 48 93
0 93 52 13 25 53 94 88 31 52 41
1 34 99 98 33 47 20 41 47 11 20
0 14 42 65 80 35 18 5 88 70 13
0 97 1 52 37 12 49 23 27 71 24
0 11 73 33 84 33 29 3 51 100 86
1 98 10 35 5 86 23 68 47 11 15
0 88 69 33 35 86 31 38 75 39 91
0 69 1 12 0 80 58 73 23 66 86
0 66 100 35 92 13 85 74 100 27 4
0 85 29 42 57 26 65 95 87 64 27
1 99 27 93 63 95 19 60 100 6 8
1 39 42 87 94 28 23 62 99 29 25
0 79 83 61 42 96 28 75 49 44 77
0 26 29 40 35 73 13 3 12 81 10
1 84 54 16 27 49 11 71 78 93 8
0 54 52 35 54 54 26 75 98 84 39
1 8 60 37 97 22 51 89 67 78 67
0 14 3 45 80 87 1 26 70 55 49
0 41 81 60 98 8 96 37 63 25 12
1 30 26 92 86 29 92 33 87 29 86
1 3 82 92 86 67 5 8 54 23 4
0 86 46 17 26 27 63 7 12 86 26
1 68 96 63 77 2 18 9 44 26 56
1 55 82 89 70 45 63 52 74 81 24
0 60 25 33 46 21 7 20 96 96 17
0 28 51 0 19 78 74 68 12 80 45
0 29 72 73 86 41 63 69 68 25 13
1 63 0 33 21 96 17 97 80 43 42
0 41 1 0 6 18 49 77 11 10 17
1 49 63 19 36 93 85 76 41 19 22
0 39 46 69 12 56 86 33 17 36 20
1 71 76 14 85 61 37 6 84 46 91
0 99 92 57 92 88 64 39 28 34 57
0 78 1 98 34 83 11 6 88 4 30
1 79 86 33 43 36 42 73 57 93 72
0 82 50 57 83 46 50 47 11 60 59
0 56 54 20 92 65 47 37 75 94 74
1 89 66 74 61 24 46 84 93 93 63
1 98 43 21 97 4 87 18 23 88 82
0 12 26 92 83 42 45 68 4 8 22
1 71 98 16 29 54 23 87 79 43 0
1 96 75 89 77 10 25 21 55 32 4
1 3 26 79 15 22 14 58 6 6 63
1 89 33 85 23 41 40 35 56 9 51
1 23 93 96 66 79 50 62 16 92 77
1 8 15 83 39 11 83 83 85 43 57
0 99 54 51 64 21 57 41 43 29 14
1 3 73 67 31 7 9 43 73 68 60
0 38 95 48 98 38 81 74 68 24 11
0 63 34 90 83 26 3 79 66 53 11
0 78 92 74 53 19 8 75 90 28 85
1 92 67 13 34 60 24 46 8 19 56
0 42 50 90 42 1 22 92 79 37 66
1 69 90 92 55 2 49 89 42 0 8
0 6 91 3 8 88 23 45 91 8 74
1 25 10 30 35 50 16 68 57 8 64
1 42 49 6 74 15 96 67 23 8 25
0 13 0 3 58 56 95 61 14 94 16
0 75 72 49 14 50 2 47 95 92 16
1 96 54 39 6 68 89 51 42 22 87
1 50 37 21 75 25 16 20 80 85 60
1 84 16 59 0 52 86 48 86 82 3
1 68 90 33 38 87 50 71 66 40 1
1 59 57 19 63 12 38 91 38 91 96
1 87 95 62 95 31 22 42 49 83 26
1 32 69 0 85 50 85 81 8 99 72
0 33 38 72 65 32 7 62 40 71 95
1 84 17 18 6 11 39 65 43 73 88
1 96 96 39 85 22 28 82 62 73 45
1 49 59 71 27 11 88 84 29 54 68
0 5 9 82 33 49 83 74 8 36 12
0 72 52 15 46 27 5 9 61 84 33
0 95 47 45 10 2 66 79 92 90 37
1 78 28 71 28 36 1 69 82 37 24
1 7 64 96 66 16 33 0 48 25 77
1 91 1 70 15 47 51 15 54 82 60
0 20 85 84 96 73 11 59 70 4 48
0 42 7 25 70 50 22 50 39 83 12
1 58 15 33 69 100 10 31 20 12 82
0 68 23 8 24 94 5 67 59 17 0
1 25 20 90 83 29 62 30 21 37 2
0 42 70 88 65 63 4 7 49 18 56
1 51 66 70 59 56 20 23 65 62 74
0 3 19 43 93 80 55 41 51 89 95
0 67 53 8 29 16 56 90 66 45 74
1 96 60 94 58 25 22 60 40 56 68
0 70 87 46 17 18 1 8 1 49 33
0 27 0 70 49 42 93 58 89 28 50
0 60 86 92 19 52 46 10 60 52 46
0 81 26 91 51 13 1 42 71 89 1
0 81 49 25 74 98 67 94 26 60 60
1 35 20 18 57 28 71 48 91 8 29
1 75 19 16 100 25 5 16 81 44 94
0 85 27 31 3 93 93 50 40 23 10
0 25 90 43 23 76 82 73 51 59 34
0 98 13 4 30 9 21 2 71 28 84
1 14 59 70 70 24 34 84 31 93 47
1 47 68 24 21 57 5 11 70 3 59
1 46 32 64 11 74 6 59 21 88 13
1 46 1 19 81 95 42 42 59 35 66
0 38 75 6 40 87 60 96 72 13 48
1 6 60 53 21 6 95 13 54 96 32
0 60 45 92 71 19 36 70 40 98 32
0 16 71 3 31 35 85 36 98 92 47
0 8 30 42 37 36 76 55 89 81 23
0 47 0 39 17 36 83 3 9 29 75
0 53 81 27 74 54 62 44 96 8 35
0 100 71 53 77 87 26 12 37 63 19
0 31 58 2 86 92 91 9 21 27 19
1 99 95 31 73 26 98 67 51 35 83
0 100 7 25 95 2 84 29 32 89 57
0 46 37 14 80 49 91 98 57 80 90
0 16 88 23 44 100 32 80 92 87 75
1 88 90 58 7 83 4 88 73 67 22
0 84 69 50 18 92 31 74 64 68 2
1 22 10 89 74 20 90 44 42 81 88
0 51 30 72 44 39 97 54 97 80 80
1 3 24 39 42 99 54 40 77 64 48
1 0 74 70 85 89 32 74 71 55 95
1 22 26 53 87 65 92 48 69 39 84
0 65 21 71 29 80 66 56 86 67 71
1 97 65 79 55 75 32 53 68 1 52
1 81 68 93 91 66 28 95 18 5 41
1 76 92 77 97 91 44 57 96 2 60
0 78 96 56 3 16 55 14 47 62 78
1 95 67 47 28 98 53 99 33 92 29
0 28 62 57 12 25 60 76 47 63 12
1 50 25 64 5 46 55 100 2 93 9
1 8 71 25 38 95 27 26 29 21 59
0 19 52 18 57 38 73 59 86 50 2
0 5 53 1 51 10 12 75 29 67 100
0 69 7 80 78 96 64 34 13 0 53
1 4 94 22 37 89 5 91 98 50 18
1 43 25 21 95 13 22 76 22 20 34
0 8 97 0 91 43 62 87 29 9 33
0 64 67 98 45 79 35 77 66 7 10
0 39 38 28 12 26 16 13 76 67 31
1 86 57 89 53 46 67 85 60 44 23
0 63 77 16 10 50 11 36 50 62 12
0 77 41 1 11 10 61 26 67 79 35
1 79 8 21 81 48 27 22 23 16 19
0 25 71 52 87 21 50 6 10 20 43
1 29 39 73 22 63 0 65 63 57 76
0 2 14 23 12 2 97 1 11 26 84
0 36 28 71 45 82 42 36 73 67 51
1 36 12 70 91 64 85 81 43 67 100
1 88 67 4 82 54 18 66 63 84 94
1 85 0 89 15 71 15 61 44 23 40
1 78 44 85 58 7 21 67 4 50 54
0 30 56 66 21 31 53 95 61 70 77
0 8 38 56 78 80 44 73 81 64 23
0 64 41 34 76 98 42 34 14 76 21
0 42 92 47 41 38 70 69 14 67 50
0 27 52 10 27 46 91 1 3 87 74
0 84 9 22 35 16 57 20 96 33 97
1 25 20 15 98 16 32 10 3 96 76
0 97 24 98 63 75 54 25 19 23 63
0 88 77 53 43 36 63 71 29 48 2
1 62 91 80 36 82 22 19 58 21 56
1 94 1 12 8 71 74 49 58 4 21
0 34 10 99 89 5 23 53 55 1 45
0 64 48 63 15 79 91 9 50 38 89
1 46 99 68 50 0 30 6 25 0 64
0 77 25 55 67 55 81 11 25 71 82
1 82 2 75 49 42 98 29 30 93 70
0 26 17 0 15 91 94 43 78 70 48
0 32 20 89 90 67 64 86 94 97 87
0 32 45 19 22 94 56 79 72 24 31
0 78 0 70 25 29 45 19 46 23 79
1 85 72 69 10 60 12 15 24 7 5
1 81 84 65 30 100 36 80 12 87 34
1 57 82 0 58 69 13 65 54 58 63
1 68 79 25 33 9 42 66 72 2 72
1 62 37 25 22 16 35 22 90 90 79
0 61 24 79 38 89 24 91 0 7 61
1 81 40 72 76 19 49 78 46 70 91
0 60 77 42 10 79 58 11 85 86 22
0 79 96 75 9 64 4 16 35 46 45
1 47 88 96 1 48 27 79 71 66 0
0 50 35 54 18 3 32 22 55 17 68
0 31 66 59 41 7 5 9 37 12 60
1 67 55 15 30 79 12 71 10 56 92
1 21 86 26 43 83 82 33 68 93 45
0 35 42 39 33 91 70 7 94 35 15
0 62 79 38 24 67 86 7 24 36 52
1 61 100 64 80 4 31 22 91 28 37
0 29 89 90 13 70 57 47 73 75 38
1 11 17 43 93 92 18 92 21 68 100
1 60 70 22 22 78 54 73 69 23 36
0 72 42 41 35 17 39 10 29 56 5
1 100 22 74 79 17 86 23 72 16 64
1 58 0 87 47 39 87 41 15 33 72
0 63 39 72 46 23 83 34 51 61 34
0 68 69 8 75 23 34 34 33 83 56
1 14 70 35 51 26 39 83 14 52 90
1 20 50 26 74 24 98 76 26 28 83
0 38 17 20 4 42 4 34 43 16 3
0 43 84 11 54 73 73 30 2 64 68
0 95 36 0 69 81 46 1 30 64 85
1 96 28 74 0 32 43 23 1 64 72
1 9 10 20 87 15 49 35 84 78 85
0 63 17 74 28 74 16 40 61 53 64
0 52 91 33 9 26 44 66 45 67 33
1 3 44 35 98 49 57 43 13 71 5
0 60 85 28 0 51 28 68 48 60 13
1 43 71 27 26 78 21 67 70 74 41
1 8 68 81 87 80 32 43 29 100 20
0 0 92 65 55 53 54 88 79 75 86
1 47 19 97 96 32 1 1 8 40 43
1 3 93 6 18 58 34 46 97 1 51
0 24 79 27 95 2 94 31 46 59 23
0 60 88 8 59 53 63 53 43 7 4
1 18 77 24 91 8 72 48 63 24 16
1 42 73 45 19 30 2 77 58 30 14
0 22 60 36 57 85 30 43 6 1 57
0 47 83 32 97 97 3 52 44 55 87
0 25 74 85 59 41 39 9 61 42 3
1 63 10 28 24 60 6 13 66 48 82
1 1 41 71 15 67 65 34 19 34 34
0 98 47 6 96 29 57 34 93 76 85
1 24 29 29 63 6 93 30 53 32 9
1 80 89 79 32 0 17 78 78 46 53
0 38 90 78 33 98 69 13 2 13 76
1 78 35 100 91 48 7 55 13 94 36
0 72 20 62 15 24 13 66 90 9 96
0 64 27 61 24 79 54 36 62 50 70
0 16 39 61 91 96 69 100 37 37 19
0 5 94 93 72 86 9 100 11 50 59
1 30 22 43 51 79 47 95 47 4 12
0 29 31 71 22 61 28 29 57 95 18
1 37 52 32 56 15 43 51 65 76 9
1 40 47 44 42 2 78 31 21 23 91
1 36 15 8 17 25 9 73 53 82 89
1 23 79 61 95 87 55 44 51 70 31
1 10 69 49 95 55 60 56 92 9 92
0 3 18 87 77 56 44 37 21 48 89
0 23 68 5 65 68 47 47 2 26 74
0 37 99 47 24 43 84 56 4 19 53
0 3 15 71 89 72 61 66 46 20 42
0 81 1 39 21 41 99 54 13 38 50
0 76 84 68 81 19 73 64 13 13 91
0 96 1 60 67 100 76 86 53 52 16
0 99 17 30 95 90 9 50 58 53 26
0 51 26 11 74 16 40 92 90 10 71
0 59 0 45 23 74 26 37 8 67 70
0 97 11 100 3 31 40 0 94 62 72
1 44 26 50 13 3 48 50 28 13 29
0 43 16 99 28 8 63 43 51 88 64
0 46 93 18 48 59 71 30 96 3 62
0 79 39 46 63 34 53 22 27 47 97
1 84 38 21 59 25 16 97 36 38 70
1 18 73 99 4 62 75 89 28 75 12
1 51 86 76 92 58 91 41 78 91 99
1 24 19 30 74 40 33 19 8 31 27
1 42 26 9 28 40 36 66 46 27 0
0 12 67 60 55 36 93 27 87 65 63
0 29 70 70 22 96 54 68 83 5 48
0 28 30 27 30 57 13 36 79 88 51
1 55 59 40 68 85 70 33 64 21 6
1 31 98 65 47 8 14 1 77 69 84
0 53 43 83 5 66 78 40 40 91 47
0 72 58 49 70 95 36 55 43 86 71
0 81 37 15 74 86 31 95 3 20 49
0 53 82 84 16 76 97 14 78 52 32
1 18 4 91 11 72 32 4 68 21 70
1 44 34 24 37 90 17 69 45 9 0
1 100 70 51 67 81 16 21 32 52 49
1 40 83 100 74 74 68 30 90 48 72
1 73 45 20 55 21 11 30 62 29 100
1 18 68 77 43 74 36 34 54 87 77
0 69 54 27 9 100 78 93 70 2 13
1 90 25 26 35 8 65 94 85 43 90
0 45 25 40 1 75 14 13 4 49 89
0 3 99 88 15 9 52 39 93 56 43
0 16 83 61 71 40 9 99 94 29 2
1 70 49 97 31 88 66 69 36 23 9
1 10 92 85 67 95 47 54 87 32 42
1 74 30 63 83 3 51 95 11 90 67
1 27 97 93 86 31 55 0 14 38 39
1 32 39 26 68 100 89 85 95 90 14
1 27 46 40 11 63 2 6 3 26 27
1 48 12 69 90 48 49 25 89 93 27
1 29 76 75 43 38 98 27 84 12 66
1 66 7 28 31 22 3 57 68 58 21
1 77 65 14 62 32 17 20 100 57 11
1 36 38 88 76 86 5 92 44 27 58
0 58 9 89 43 95 67 68 78 22 14
1 75 30 45 32 80 36 44 42 84 25
1 18 84 88 23 61 38 9 52 91 93
1 90 4 35 82 76 11 70 82 78 64
0 56 58 77 61 37 10 8 98 66 97
0 39 99 80 9 62 8 68 81 12 90
1 99 37 41 50 92 86 9 90 98 66
0 67 6 67 94 15 31 8 40 76 64
1 16 59 33 47 56 0 96 97 40 71
0 82 32 24 92 67 3 30 40 46 78
0 35 54 91 27 39 1 1 76 27 24
0 0 40 34 54 0 44 68 6 96 86
0 75 77 12 55 47 69 74 56 83 19
1 66 37 40 90 17 34 9 24 41 49
1 57 77 22 8 1 88 1 97 52 4
0 58 21 99 11 100 71 67 34 36 3
1 70 64 8 54 0 89 94 94 79 88
0 83 85 91 41 40 5 52 100 90 36
0 42 43 25 10 92 33 30 27 46 81
0 36 58 94 75 38 66 10 88 57 36
1 31 65 24 44 14 0 77 36 74 1
1 32 23 41 27 98 42 96 80 57 38
1 26 97 53 38 83 64 38 66 38 81
0 96 47 98 15 72 53 51 23 90 99
0 81 40 10 16 54 26 75 43 87 75
1 45 25 55 71 100 88 32 34 24 95
0 82 68 8 78 26 50 28 51 37 33
1 47 69 5 0 16 50 33 71 93 98
1 90 17 38 82 50 29 64 36 95 24
1 86 26 42 40 34 100 17 29 14 24
1 86 35 15 44 43 47 63 80 28 32
0 97 94 13 67 33 77 55 40 44 60
0 32 58 38 50 17 57 12 10 40 92
1 39 71 50 7 9 69 61 64 12 39
1 29 25 98 33 60 79 24 98 81 10
1 59 59 67 21 58 18 54 73 16 89
1 38 5 48 14 49 23 82 38 93 72
0 26 4 66 98 90 18 35 39 67 78
1 25 56 66 39 17 44 34 3 76 88
0 86 69 27 97 90 72 32 12 50 32
0 61 69 64 53 78 2 30 79 48 11
1 68 43 43 39 87 46 43 80 31 6
1 98 33 32 32 97 67 64 98 67 48
0 39 2 67 38 97 12 25 83 79 63
0 71 36 60 81 37 25 83 6 61 87
0 59 70 44 41 90 90 73 65 71 48
1 82 10 84 74 6 87 99 68 54 27
1 72 87 99 92 73 77 44 11 21 35
0 14 54 47 24 10 55 44 73 15 87
0 27 59 12 92 13 84 66 88 15 7
1 56 18 47 69 97 10 91 18 79 77
1 38 95 34 53 93 16 5 72 85 73
0 22 56 73 62 72 51 80 72 22 40
0 88 64 32 93 61 20 44 66 56 47
1 82 94 48 56 62 49 0 34 51 40
0 3 47 58 31 46 76 56 96 0 40
0 26 55 13 90 53 89 78 45 24 94
1 41 67 10 10 36 15 22 61 71 86
1 1 14 43 45 9 84 46 30 50 21
1 2 72 28 68 18 28 94 37 38 2
1 41 28 16 43 44 25 77 2 98 13
1 29 93 0 12 23 9 54 81 32 35
1 61 48 77 49 34 41 76 86 96 32
0 95 35 85 59 87 36 14 94 84 48
1 49 82 92 93 10 13 65 69 84 76
0 12 22 39 39 10 68 48 17 7 74
1 80 61 7 98 63 60 92 49 90 73
1 2 17 8 65 31 37 23 29 59 66
0 70 37 81 100 35 42 89 63 10 19
1 66 94 83 4 22 22 13 28 27 19
0 67 46 97 6 32 12 74 80 54 80
0 48 74 42 81 72 57 27 91 80 49
0 18 38 24 29 29 42 30 57 73 58
0 19 99 96 0 15 53 2 52 5 78
1 92 77 40 34 100 47 8 55 50 66
0 59 6 64 82 45 81 23 34 28 87
1 82 80 58 13 83 42 62 99 25 4
1 55 12 9 89 29 100 88 95 58 11
1 11 6 56 29 99 46 84 72 52 19
0 67 85 35 71 87 83 89 61 90 60
0 83 85 3 76 78 47 100 3 55 86
0 56 55 41 26 24 0 38 97 84 3
1 51 100 74 80 93 99 30 64 58 22
1 82 24 94 44 75 54 94 41 100 7
1 56 5 55 27 13 65 41 27 49 59
0 52 46 9 78 88 40 32 92 51 97
1 86 90 71 74 70 69 31 54 42 37
0 6 51 99 33 40 68 68 67 44 10
1 44 76 78 92 95 32 17 71 27 80
1 65 49 47 86 17 31 42 62 70 85
0 71 3 20 5 75 81 99 56 32 22
1 61 89 100 21 69 16 27 71 83 73
1 74 37 23 77 6 50 59 65 25 96
0 48 84 96 18 92 38 31 24 41 73
0 99 43 77 13 12 95 85 19 75 20
0 54 39 23 16 62 5 15 76 18 97
1 93 91 95 54 7 48 73 18 70 4
1 3 79 54 29 4 75 84 14 99 60
0 48 8 55 100 51 37 19 79 98 54
1 43 19 50 1 23 41 79 13 95 43
0 87 6 92 72 75 96 26 33 97 24
0 4 41 15 49 88 1 44 47 63 84
0 1 0 13 25 90 69 89 28 53 26
1 82 59 91 32 10 30 38 25 75 25
1 59 27 44 13 21 96 30 32 76 7
1 24 3 93 60 99 15 93 17 29 76
1 8 65 5 49 29 75 62 78 8 12
1 52 52 55 92 88 88 88 5 78 56
0 17 64 14 74 100 4 83 47 91 6
0 62 59 88 70 1 77 36 100 2 31
1 89 97 6 1 66 75 19 94 51 70
1 0 34 54 75 75 56 51 25 68 62
0 99 20 37 45 20 71 98 14 100 23
1 46 71 45 6 85 42 97 98 4 15
0 82 0 7 32 45 3 51 51 91 4
0 82 94 84 72 63 90 17 52 17 37
0 79 48 62 31 40 15 97 93 98 67
1 84 2 74 12 40 9 65 4 67 12
0 84 87 45 2 92 12 9 37 13 31
0 35 43 19 57 82 43 92 21 85 81
1 61 72 93 22 86 57 98 30 57 19
1 22 27 22 51 53 22 50 17 84 86
1 8 13 64 57 95 71 6 44 24 19
1 41 87 10 69 76 4 9 44 65 7
0 74 41 84 77 77 31 76 83 53 85
1 79 41 31 7 15 72 34 53 91 64
0 12 88 63 70 16 88 23 87 18 35
1 50 85 43 48 96 50 93 98 47 52
0 16 90 61 94 70 62 25 43 80 81
1 19 10 4 32 37 68 5 8 98 9
0 12 62 96 93 99 83 76 24 70 27
0 19 5 81 7 79 73 9 35 64 15
1 41 18 33 49 60 99 27 28 60 76
1 94 64 26 47 38 59 33 83 36 92
1 29 80 83 48 2 90 84 55 67 43
0 12 95 33 16 72 84 86 19 80 74
1 12 58 10 9 28 7 89 67 68 61
1 63 16 8 88 95 30 43 86 40 10
1 6 53 98 100 14 82 58 46 6 50
0 89 90 93 1 0 31 75 27 34 10
0 82 5 37 44 94 55 2 60 77 25
1 1 25 15 86 13 46 55 76 74 21
0 87 51 13 56 53 69 54 28 65 64
0 32 47 74 67 46 98 20 47 10 14
0 54 78 75 1 32 44 49 58 78 11
0 86 22 0 100 61 91 7 9 21 95
1 52 7 29 32 19 28 87 35 44 2
1 75 30 41 9 99 97 6 13 6 85
1 56 61 56 22 1 39 56 67 21 57
1 76 51 69 31 56 99 41 100 85 21
1 59 80 93 1 48 1 7 100 95 53
1 12 64 55 67 73 99 92 90 87 81
1 83 41 50 100 24 10 86 29 28 16
1 10 98 53 87 4 14 70 49 37 43
0 99 19 7 16 55 44 38 48 11 58
1 54 42 25 91 28 53 11 92 71 15
0 13 47 47 51 60 91 15 9 40 66
0 95 65 26 59 97 12 30 96 10 52
0 55 24 32 83 42 25 18 76 87 71
1 14 62 21 65 42 47 8 89 99 39
1 63 16 23 20 69 25 86 45 97 21
1 80 98 69 73 28 10 98 35 51 9
0 54 29 13 46 41 0 84 12 29 35
0 96 53 65 94 4 58 24 8 4 41
0 81 87 53 30 70 55 79 67 40 26
1 30 71 88 59 94 96 34 45 36 92
1 5 95 78 19 55 21 18 63 83 45
1 68 43 30 50 6 8 56 28 89 19
1 36 24 1 97 42 53 44 53 39 78
1 18 4 27 76 58 50 25 54 40 60
1 71 49 3 45 25 9 49 4 46 9
0 38 1 15 3 79 94 12 99 49 5
1 71 82 20 5 91 100 67 18 46 9
1 39 38 64 83 74 14 76 74 97 5
0 27 60 91 41 62 62 21 66 58 12
1 65 33 98 74 96 100 48 35 59 78
1 25 78 43 34 57 63 40 5 2 66
0 49 12 53 15 7 70 2 96 58 33
1 61 57 84 1 86 100 5 64 58 86
1 47 77 91 18 96 21 78 78 77 77
1 55 70 22 11 14 30 24 23 51 93
0 14 78 57 71 53 51 57 12 94 9
0 72 82 49 63 39 45 75 22 16 63
1 7 69 60 27 32 91 16 86 26 53
1 87 85 94 62 76 88 63 5 4 19
1 77 75 16 13 48 92 88 80 7 34
1 56 29 10 29 75 58 73 6 83 89
0 95 82 22 28 46 19 83 2 12 14
0 38 12 73 74 91 82 75 63 16 72
0 67 56 36 63 0 98 10 5 100 46
1 1 55 38 37 68 36 95 21 33 75
1 36 13 99 87 9 24 49 48 51 99
0 66 83 17 94 10 0 75 91 37 2
0 39 92 73 54 29 90 65 86 57 78
0 29 92 88 35 34 29 95 58 7 21
0 41 44 48 50 13 46 88 46 53 52
0 18 60 67 88 88 81 23 50 11 15
0 7 12 39 71 8 22 86 27 42 4
0 46 71 21 34 12 100 59 100 84 52
1 12 13 35 36 87 85 25 12 57 73
1 67 75 47 24 71 59 38 41 16 53
0 95 97 19 62 83 51 60 57 93 80
1 47 15 17 99 21 14 38 76 72 17
