1 39 42 68 47 69 90 17 28 55 19
1 93 57 57 74 61 59 73 75 91 41
1 77 48 61 58 27 35 52 32 98 72
1 24 6 82 40 90 4 51 13 93 39
1 99 47 94 76 6 20 85 88 4 15
0 36 85 87 16 63 26 28 0 87 37
0 54 52 7 92 83 43 77 32 17 97
0 18 45 74 5 74 95 5 51 23 18
1 15 40 95 31 48 93 1 63 69 18
0 11 68 0 10 94 61 3 92 18 13
1 2 45 26 64 55 74 80 50 45 27
1 19 42 16 94 92 82 12 100 89 3
0 18 74 2 81 71 49 81 3 8 55
0 93 21 19 37 49 85 41 33 81 5
1 77 26 29 78 48 91 81 37 56 9
1 27 41 55 64 96 27 87 2 71 12
0 25 8 89 42 1 79 23 12 6 17
0 3 77 76 87 83 16 45 47 86 26
1 58 92 78 94 61 37 53 99 17 90
0 87 78 85 18 79 67 33 21 50 44
0 73 91 38 64 69 65 95 99 44 92
0 97 5 47 12 13 55 28 74 79 62
0 36 61 69 23 95 10 35 91 52 52
0 64 39 40 48 75 7 4 39 61 96
1 2 0 82 12 16 81 97 37 52 41
1 79 37 94 69 61 77 44 24 16 31
1 81 29 73 92 11 3 1 75 35 5
0 15 59 65 6 22 83 26 92 96 60
1 96 22 11 82 24 20 82 63 65 55
1 50 38 28 59 97 22 97 48 18 7
1 47 71 57 20 68 84 86 6 75 14
0 62 95 10 62 52 28 81 36 77 62
0 86 4 16 33 24 17 74 60 98 33
0 44 73 26 87 83 48 15 84 85 24
1 57 96 91 25 76 74 62 82 54 47
1 34 47 41 44 92 22 81 14 33 63
1 72 7 62 86 21 0 36 75 57 100
1 89 70 87 26 90 18 11 4 68 0
0 75 63 19 3 87 61 7 55 2 90
1 78 42 43 96 6 21 65 18 26 15
0 88 66 86 66 56 42 74 59 15 15
0 95 30 40 31 83 24 50 5 18 51
1 95 29 20 100 44 82 10 35 49 70
0 96 63 41 50 74 16 55 54 87 93
1 47 22 11 31 22 20 9 50 13 100
0 7 45 41 39 20 45 66 92 37 50
1 63 28 76 97 6 22 16 31 74 56
1 52 42 83 81 2 78 54 23 26 82
1 93 82 92 74 18 38 67 29 63 52
1 12 82 41 66 4 55 43 42 54 19
0 61 88 22 71 44 7 18 82 77 12
0 80 32 27 14 83 40 72 37 51 43
1 91 71 71 50 5 64 54 96 88 61
0 34 97 86 59 70 70 26 81 37 100
1 84 54 71 19 83 33 2 63 21 9
0 18 52 22 93 48 26 44 66 16 97
1 14 32 30 56 6 60 60 100 93 99
0 89 8 96 72 46 60 90 98 39 94
1 1 11 82 15 66 27 4 70 49 59
1 29 99 75 100 52 19 14 66 41 99
0 89 57 13 13 82 73 42 97 73 95
1 61 25 43 30 69 27 82 87 80 58
0 0 88 86 35 97 88 24 19 79 44
0 27 51 83 9 96 53 27 78 62 17
1 75 14 81 88 75 39 99 42 33 9
0 84 7 56 41 58 86 87 51 82 41
0 84 91 96 60 94 83 41 39 15 49
0 7 61 3 24 47 91 5 4 14 6
1 5 54 53 26 71 40 49 47 89 45
1 83 42 82 78 22 38 65 32 82 82
0 50 65 26 75 28 92 27 56 50 5
1 22 64 3 12 50 66 47 80 84 61
0 45 90 88 25 20 70 11 55 91 91
1 35 16 83 39 18 67 31 27 64 23
1 95 5 63 38 49 25 28 0 49 88
1 32 55 19 90 16 63 74 60 84 81
0 15 21 5 96 13 35 62 17 88 26
1 98 59 26 4 15 70 47 35 7 77
0 93 72 31 38 17 19 49 31 20 9
0 98 4 88 78 38 31 6 27 17 83
1 9 57 55 4 14 41 37 23 24 78
0 58 76 13 39 72 5 63 45 70 18
1 46 52 95 35 8 12 100 92 1 59
0 94 40 3 70 22 80 4 57 19 4
0 61 40 77 50 89 88 0 18 50 34
0 94 13 9 33 9 6 56 61 96 65
1 95 54 71 77 60 62 21 53 15 43
1 89 81 1 23 70 26 12 22 34 55
1 69 75 5 53 97 85 48 32 71 21
1 11 85 27 63 31 25 85 17 33 73
0 11 12 10 76 17 83 37 65 88 91
1 98 21 95 66 53 33 36 80 75 8
1 5 64 13 20 6 58 68 95 13 37
0 75 21 29 48 84 18 66 19 36 36
1 86 14 72 63 37 22 21 9 88 11
1 87 64 21 52 53 2 76 30 73 25
0 41 11 0 73 68 67 69 87 17 26
1 31 72 99 6 44 4 5 99 2 26
1 43 97 34 3 55 96 32 74 4 92
1 100 30 60 25 96 93 91 33 75 72
0 90 61 68 80 37 66 20 42 76 78
0 20 20 97 81 74 53 72 77 57 70
1 60 0 26 21 52 39 23 95 65 37
1 46 98 2 99 16 33 70 56 2 1
0 7 70 20 61 100 12 27 11 94 8
0 76 10 95 96 51 39 95 95 40 71
1 19 96 25 61 68 100 37 72 81 54
0 100 53 0 89 43 39 89 83 17 0
1 65 93 14 57 74 70 1 16 23 71
1 7 28 92 82 76 82 79 29 26 85
1 21 79 87 84 0 0 28 9 69 85
1 51 74 51 29 15 94 5 10 75 96
0 56 49 72 78 58 86 29 2 26 81
1 56 72 17 46 11 9 17 59 28 43
1 50 65 7 4 32 38 26 45 75 63
0 1 0 33 57 45 1 2 82 70 23
1 98 4 10 19 89 37 97 26 25 65
1 81 97 92 97 43 73 21 8 44 4
0 57 57 55 4 71 85 43 2 91 85
0 85 71 74 58 20 19 20 19 83 94
1 64 10 82 10 85 37 75 97 32 30
0 92 44 48 86 94 3 67 46 43 1
0 61 22 80 4 45 71 32 5 29 30
1 19 66 17 73 99 65 75 49 14 4
1 77 3 40 66 86 51 58 83 80 19
1 87 26 38 76 72 58 2 75 80 15
1 44 58 33 13 0 73 98 59 29 21
1 8 25 80 83 28 43 32 75 99 87
0 91 4 99 57 88 37 21 16 20 88
0 19 87 54 88 5 98 25 52 70 65
1 33 81 6 11 3 82 29 41 86 66
1 61 32 93 11 28 33 21 56 66 50
1 56 81 85 43 56 59 18 52 99 73
1 40 20 89 16 58 15 90 62 86 63
1 80 33 92 68 25 88 47 31 74 79
0 98 99 80 22 15 32 32 77 19 97
0 8 78 23 60 89 5 11 91 9 2
0 7 26 90 72 22 42 76 45 1 54
0 63 42 90 62 6 60 62 30 7 57
1 24 68 82 83 32 78 33 44 88 46
1 3 88 35 39 44 64 91 57 31 64
0 3 70 29 58 97 62 85 9 97 54
1 39 38 63 92 18 74 63 0 65 38
0 80 8 88 9 61 91 17 35 4 70
0 64 7 94 15 98 12 20 51 5 30
1 45 33 6 96 10 67 89 47 27 88
1 28 62 10 60 41 100 24 13 43 97
1 85 37 21 90 93 44 17 98 3 66
0 89 34 45 2 33 96 98 30 20 63
0 99 19 58 62 84 87 69 15 46 40
0 88 2 49 12 64 0 100 5 57 96
1 15 8 92 8 7 88 22 86 7 3
0 10 79 98 87 64 64 26 51 86 4
1 97 89 38 6 23 82 17 97 58 97
1 84 34 82 76 6 96 13 66 29 75
0 38 64 67 46 54 22 54 65 73 91
0 93 94 17 41 5 27 82 0 70 30
1 54 75 19 56 30 72 58 45 32 7
0 28 40 100 56 54 14 46 91 75 60
1 89 36 90 78 100 65 45 47 32 68
0 99 55 33 80 67 64 11 38 97 75
0 67 48 77 63 47 86 64 26 67 87
1 46 20 85 69 100 48 80 27 25 32
1 83 52 96 41 57 56 95 49 68 58
0 55 89 22 21 89 68 50 83 62 50
1 82 1 75 41 50 39 85 85 81 96
0 46 51 86 40 72 17 57 29 12 95
1 69 6 48 63 44 33 62 86 86 71
0 95 60 28 65 69 7 19 12 74 22
1 3 57 32 68 42 27 20 51 95 63
0 62 97 20 82 4 30 93 4 70 62
1 8 95 24 27 56 58 72 71 59 63
0 86 43 85 79 18 88 3 17 59 29
1 38 5 40 11 73 47 99 52 92 83
0 45 83 32 29 31 66 55 41 70 79
0 60 32 55 97 54 91 7 93 78 2
1 53 32 42 37 16 66 87 80 79 88
1 74 37 26 97 23 68 3 36 49 59
1 12 53 71 68 11 96 92 17 9 79
0 66 25 77 90 25 41 46 80 32 43
0 26 78 20 23 11 12 74 23 45 97
1 71 48 85 13 77 57 82 59 37 56
1 83 84 79 43 92 94 100 55 85 95
1 30 7 44 0 35 23 40 32 85 41
0 0 78 43 51 35 98 17 19 70 74
0 4 91 100 43 64 77 16 58 74 36
0 39 35 85 80 63 3 24 92 22 31
1 50 73 9 53 22 90 64 72 74 37
1 96 52 28 5 42 61 53 38 93 97
1 72 44 65 59 60 91 50 0 65 60
0 75 33 54 48 48 98 63 43 34 59
0 31 11 83 32 77 91 96 44 99 28
1 18 89 70 22 14 1 93 9 36 14
0 89 44 27 38 65 38 11 10 64 42
0 12 34 78 7 37 97 68 100 70 62
1 84 87 56 99 86 9 60 23 15 28
1 42 26 15 56 96 43 14 93 73 73
1 62 99 76 63 52 97 91 10 86 7
1 74 53 35 5 7 80 75 61 71 25
0 40 33 2 73 33 97 9 74 67 69
1 72 21 32 61 24 81 62 90 27 100
1 73 71 93 81 20 26 57 43 72 6
0 50 7 77 8 15 67 37 66 100 90
1 25 89 85 86 89 29 40 32 58 9
0 58 56 42 67 95 62 16 24 47 98
0 81 33 40 90 46 23 3 81 78 98
0 53 96 81 12 75 52 95 92 77 79
1 83 23 81 80 62 63 62 67 16 39
1 6 67 65 98 40 100 42 66 95 64
0 24 66 14 31 63 57 90 8 73 60
1 75 20 2 100 98 91 41 76 78 26
1 14 56 47 41 26 92 66 11 19 33
0 7 8 82 11 90 33 83 67 17 99
0 75 38 83 97 74 76 81 5 19 80
0 37 21 44 100 11 92 43 95 63 65
0 17 2 0 44 19 38 35 28 18 12
1 74 0 80 66 45 84 90 61 72 45
0 9 88 25 21 2 14 44 94 66 32
1 36 55 58 5 88 62 86 92 28 30
0 1 94 11 6 9 24 4 18 95 27
0 65 41 53 50 39 96 66 41 30 41
0 30 32 40 28 65 93 32 44 79 29
1 68 50 40 10 99 93 10 78 90 83
1 18 8 37 67 91 8 70 57 53 88
0 14 73 92 29 99 63 57 6 90 0
1 21 13 1 10 65 74 62 36 87 44
1 9 35 43 31 40 1 45 64 25 96
0 35 2 66 88 14 39 1 14 30 24
0 100 1 23 72 83 1 31 91 100 86
1 47 11 56 21 33 32 29 29 38 91
0 50 28 86 40 42 100 39 85 3 56
1 23 85 62 10 83 89 7 12 27 20
1 28 85 54 50 26 100 25 34 76 51
0 52 30 19 35 22 57 31 45 42 89
1 37 61 70 23 37 7 62 46 83 38
1 12 31 65 47 79 90 6 31 23 57
0 44 47 62 38 80 82 31 48 60 24
1 69 62 67 3 30 56 74 57 67 83
1 12 41 61 97 2 3 76 18 44 3
0 22 49 20 52 15 94 37 21 71 57
1 76 40 85 79 63 36 67 32 32 41
0 92 86 73 47 62 6 37 34 28 22
0 28 69 1 43 87 96 78 28 4 19
0 67 59 15 100 62 2 4 23 19 64
0 39 95 8 34 23 5 29 67 31 94
1 44 40 36 28 7 10 18 75 69 6
1 43 39 72 85 22 69 95 97 87 20
1 28 88 88 7 86 23 67 95 70 35
1 58 48 97 92 69 71 43 69 44 89
0 46 45 56 85 62 42 58 99 59 81
1 3 52 61 16 87 17 40 59 72 13
1 3 1 17 5 87 51 26 17 35 73
1 92 79 7 82 59 58 51 81 0 6
1 64 23 28 70 35 23 73 19 7 15
0 62 74 9 38 100 19 70 10 90 47
0 0 16 82 74 4 51 60 91 91 20
0 70 35 67 22 4 12 26 43 52 56
0 83 54 58 43 11 68 28 62 71 73
1 100 48 5 53 2 70 19 58 42 13
0 31 39 54 45 43 2 66 57 33 11
1 21 90 83 50 97 84 51 98 91 9
0 62 80 54 97 76 81 92 63 51 71
0 38 0 24 12 43 75 7 1 55 0
0 35 82 30 68 21 56 20 86 97 89
0 87 23 69 29 65 98 24 87 59 67
0 92 61 37 20 40 35 99 1 88 60
0 91 32 84 25 41 79 87 9 93 78
1 45 33 73 30 3 14 17 19 10 40
1 4 17 75 35 13 29 82 34 65 78
1 82 20 55 90 93 54 9 34 100 48
0 64 64 44 24 31 18 48 50 76 46
1 23 36 88 51 68 75 85 65 6 99
1 4 33 83 84 92 59 57 85 40 46
1 86 0 17 0 97 40 54 78 65 97
1 46 79 26 100 14 2 10 31 87 51
1 35 18 98 20 52 63 32 62 46 49
0 45 38 25 61 14 36 94 69 69 42
1 66 37 64 64 76 7 25 0 67 49
0 85 60 70 68 93 14 43 39 91 92
0 5 33 54 76 61 58 76 61 68 95
0 15 51 16 15 87 63 13 54 12 18
1 29 38 77 34 5 99 58 37 67 9
0 61 28 23 75 8 66 71 88 59 7
1 21 20 52 82 13 18 87 53 21 83
0 69 27 70 17 24 2 51 80 71 9
0 24 73 40 58 4 53 97 95 48 7
1 56 62 72 66 7 14 59 25 27 42
0 93 80 46 41 94 27 73 39 87 82
0 89 10 88 37 28 91 53 97 1 62
0 86 51 2 93 40 24 3 64 39 81
0 69 83 87 60 89 36 50 75 35 35
1 36 82 53 63 61 0 95 49 0 88
1 15 62 73 11 1 90 27 88 88 18
0 45 46 6 90 19 46 39 82 45 16
1 57 3 69 88 6 40 89 72 7 83
1 68 57 2 84 76 37 26 52 90 64
0 35 30 52 4 59 4 47 48 34 17
0 24 81 0 12 71 78 9 11 94 80
1 57 29 64 32 94 16 64 46 58 63
1 79 1 58 11 76 87 27 0 1 38
